[-0.963282751661809, 0.2583325319429439, -0.07314809150484769, -3.556830956736163;
 -0.2652715076127247, -0.9577879887141061, 0.1107844570499837, 2.765853945846402;
 -0.04144113415105687, 0.1261208611409522, 0.991148909491071, 11.49567932821768;
 0, 0, 0, 1]

[-0.9632163162597156, 0.2587130522193789, -0.0726765760227906, -3.548850571579828;
 -0.2656649311788148, -0.9574667271981646, 0.112603777246551, 2.730855792168104;
 -0.04045333648562369, 0.127769413083759, 0.990978559125985, 11.47282109623975;
 0, 0, 0, 1]

[-0.9633156978382965, 0.2578992836344789, -0.07423493651333207, -3.575406903783618;
 -0.2650911995365731, -0.9575276684701595, 0.1134346509773849, 2.724489780561966;
 -0.04182729045224647, 0.1289524083331637, 0.9907682646100957, 11.53981997765092;
 0, 0, 0, 1]

[-0.96315142916008, 0.2585551100543509, -0.0740849483476769, -3.533565641098639;
 -0.2656224977679231, -0.957660794102649, 0.1110427490573487, 2.736398818355367;
 -0.04223758026242952, 0.126629611479567, 0.9910504166338396, 11.49153061566009;
 0, 0, 0, 1]

[-0.9634146608222115, 0.2576022162961266, -0.07398168335572511, -3.592388194485325;
 -0.2648779072921851, -0.9572563069635381, 0.1161897457052083, 2.705464539919996;
 -0.04088869698750225, 0.1315350179148199, 0.9904678962595463, 11.53788500488475;
 0, 0, 0, 1]

[-0.9633654291908044, 0.2581990555318749, -0.07252790885214402, -3.551139559970068;
 -0.2651200154161257, -0.9576607438616358, 0.1122375921522355, 2.738362698695191;
 -0.04047749085319418, 0.1273544164480606, 0.9910309911124897, 11.50269215507417;
 0, 0, 0, 1]

[-0.9630270030684557, 0.2588751854544208, -0.07458303907007263, -3.541047764533995;
 -0.2659739203469304, -0.957644017087979, 0.1103440538990819, 2.785394874580776;
 -0.04285866372477659, 0.1261014468257125, 0.9910910957385238, 11.50347063917188;
 0, 0, 0, 1]

[-0.9631199956762125, 0.2590283700689344, -0.07282978393544451, -3.549053304697559;
 -0.2659439359734249, -0.9575430785200799, 0.1112882549834032, 2.722146078304526;
 -0.04091084022133089, 0.1265525830543147, 0.9911159099089597, 11.50203788170662;
 0, 0, 0, 1]

[-0.9630936773975118, 0.2590310523937511, -0.07316749587571836, -3.556410771007067;
 -0.2660154085892487, -0.9574504689092684, 0.1119124746331571, 2.779771989936858;
 -0.04106544715490786, 0.1272458780519344, 0.9910207442676262, 11.48469605899141;
 0, 0, 0, 1]

[-0.9631819010926354, 0.2581013558049463, -0.0752616471997877, -3.535018277112635;
 -0.2653735922037708, -0.9575893437147163, 0.112247518301679, 2.722795440461756;
 -0.04309851468952935, 0.1280872317433221, 0.9908260084878122, 11.508339313268;
 0, 0, 0, 1]

[-0.963282751661809, 0.2583325319429439, -0.07314809150484769, -3.556830956736163;
 -0.2652715076127247, -0.9577879887141061, 0.1107844570499837, 2.765853945846402;
 -0.04144113415105687, 0.1261208611409522, 0.991148909491071, 11.49567932821768;
 0, 0, 0, 1]

[-0.9629483373059027, 0.2575275078664472, -0.08006299002594498, -3.534906080868103;
 -0.2657137966480763, -0.9567567478660931, 0.1183752663505431, 2.67919067868791;
 -0.0461159186253763, 0.1352631069611897, 0.9897359314203682, 11.53157577478639;
 0, 0, 0, 1]

[-0.96315142916008, 0.2585551100543509, -0.0740849483476769, -3.533565641098639;
 -0.2656224977679231, -0.957660794102649, 0.1110427490573487, 2.736398818355367;
 -0.04223758026242952, 0.126629611479567, 0.9910504166338396, 11.49153061566009;
 0, 0, 0, 1]

[-0.963346986873817, 0.257441735154672, -0.07540779722077497, -3.576957369415977;
 -0.2648403995982525, -0.9574536306664335, 0.114639032900241, 2.710904294000832;
 -0.04268659768329763, 0.1304081980713495, 0.9905410421855363, 11.55664902742482;
 0, 0, 0, 1]

[-0.963122205025185, 0.2589191924709121, -0.07318790854803907, -3.567927299630635;
 -0.265929157847229, -0.9574111798140574, 0.1124522822076902, 2.734681143875553;
 -0.04095486777037517, 0.127768088884765, 0.9909581294225532, 11.48924433082662;
 0, 0, 0, 1]

[-0.9633977986765496, 0.257745200281265, -0.07370273561509864, -3.55262621212555;
 -0.2648697421602835, -0.9575875067294708, 0.113446845013781, 2.724715429572528;
 -0.04133643904744908, 0.128816065331955, 0.9908066007648874, 11.51949113806524;
 0, 0, 0, 1]

[-0.9633654291908044, 0.2581990555318749, -0.07252790885214402, -3.551139559970068;
 -0.2651200154161257, -0.9576607438616358, 0.1122375921522355, 2.738362698695191;
 -0.04047749085319418, 0.1273544164480606, 0.9910309911124897, 11.50269215507417;
 0, 0, 0, 1]

[-0.9631528802726549, 0.258445493440372, -0.07444767385789472, -3.552392535017079;
 -0.2656094522396971, -0.9575287463062815, 0.1122065901720969, 2.748925841503433;
 -0.04228650025027966, 0.1278461063837436, 0.9908921358952749, 11.47870208992098;
 0, 0, 0, 1]

[-0.9632487356038829, 0.258260378207929, -0.07384748069784468, -3.550349589643015;
 -0.2654153573267431, -0.9573942463653784, 0.1138022193174919, 2.717308941814269;
 -0.0413105489268577, 0.1292200993435881, 0.9907550678512805, 11.48963953047864;
 0, 0, 0, 1]

[-0.96315142916008, 0.2585551100543509, -0.0740849483476769, -3.533565641098639;
 -0.2656224977679231, -0.957660794102649, 0.1110427490573487, 2.736398818355367;
 -0.04223758026242952, 0.126629611479567, 0.9910504166338396, 11.49153061566009;
 0, 0, 0, 1]

[-0.9635316108142651, 0.2579977248034602, -0.07102118668331148, -3.580317170909926;
 -0.2647266010890735, -0.9577729269690541, 0.112208943676329, 2.750710468824627;
 -0.03907251767539835, 0.126918061604206, 0.9911433518927206, 11.46971756712625;
 0, 0, 0, 1]

[-0.9633530873998872, 0.2579022780004483, -0.0737376701509129, -3.56434206102911;
 -0.2649790645215893, -0.9577016032028919, 0.1122218097691987, 2.735095449673763;
 -0.04167642453916599, 0.1276481657713508, 0.9909435006158733, 11.47545038556139;
 0, 0, 0, 1]

[-0.963122205025185, 0.2589191924709121, -0.07318790854803907, -3.567927299630635;
 -0.265929157847229, -0.9574111798140574, 0.1124522822076902, 2.734681143875553;
 -0.04095486777037517, 0.127768088884765, 0.9909581294225532, 11.48924433082662;
 0, 0, 0, 1]

[-0.9628259445235463, 0.2589413764417453, -0.07691270453439597, -3.502659887748356;
 -0.2662755845680842, -0.9577099160005114, 0.109036827985862, 2.761515441013776;
 -0.04542591347750759, 0.1254634622539476, 0.9910577208336488, 11.51810220241537;
 0, 0, 0, 1]

[-0.9633775508277437, 0.2569814857920423, -0.07657813344064016, -3.578550217237373;
 -0.26458937819298, -0.9573781835178728, 0.1158424562562034, 2.697326882704782;
 -0.04354486776407053, 0.1318617825002093, 0.9903112211861872, 11.57350319818133;
 0, 0, 0, 1]

[-0.9629621989934126, 0.2592535703079418, -0.07410391077639661, -3.533142097365693;
 -0.2663670228484668, -0.9573229850484938, 0.1121664452351307, 2.75034934641452;
 -0.04186182567226938, 0.1277508848518329, 0.9909224485149978, 11.48061645705132;
 0, 0, 0, 1]

[-0.9631423197557258, 0.2582857820504676, -0.07513538903963592, -3.536883991389637;
 -0.2655737786528181, -0.9574439349793714, 0.1130118554103117, 2.744211245952684;
 -0.04274856708268823, 0.1288004897575919, 0.9907487036835232, 11.52730844302731;
 0, 0, 0, 1]

[-0.9631103526375469, 0.2579252853106702, -0.07676585073969762, -3.502578489567593;
 -0.2652555034398483, -0.9579703176495474, 0.1092354722482487, 2.756169766129102;
 -0.04536481607207055, 0.1255683785824865, 0.9910472318527069, 11.49977660550421;
 0, 0, 0, 1]

[-0.9633775508277437, 0.2569814857920423, -0.07657813344064016, -3.578550217237373;
 -0.26458937819298, -0.9573781835178728, 0.1158424562562034, 2.697326882704782;
 -0.04354486776407053, 0.1318617825002093, 0.9903112211861872, 11.57350319818133;
 0, 0, 0, 1]

[-0.9631016824101749, 0.2593189918716376, -0.07203339359885806, -3.57012331736751;
 -0.2661363419782955, -0.9574767208605439, 0.1113991763369541, 2.744086137613209;
 -0.0400823753924618, 0.1264594380219111, 0.9911616486315844, 11.47630723484398;
 0, 0, 0, 1]

[-0.96315142916008, 0.2585551100543509, -0.0740849483476769, -3.533565641098639;
 -0.2656224977679231, -0.957660794102649, 0.1110427490573487, 2.736398818355367;
 -0.04223758026242952, 0.126629611479567, 0.9910504166338396, 11.49153061566009;
 0, 0, 0, 1]

[-0.9632509887418388, 0.2587821563191504, -0.07196755003944987, -3.555416049369142;
 -0.2655204436300131, -0.9578570824218596, 0.1095842309312969, 2.779389415914141;
 -0.04057618393085989, 0.1246659746085256, 0.9913687346656214, 11.47890540760825;
 0, 0, 0, 1]

[-0.9633143814034749, 0.2573604161778005, -0.07609874352464582, -3.570520050194217;
 -0.2649813885886085, -0.9570471817476472, 0.1176671390428898, 2.662164646885671;
 -0.04254722415027008, 0.133515197987627, 0.9901330343057096, 11.55064568662937;
 0, 0, 0, 1]

[-0.9632163162597156, 0.2587130522193789, -0.0726765760227906, -3.548850571579828;
 -0.2656649311788148, -0.9574667271981646, 0.112603777246551, 2.730855792168104;
 -0.04045333648562369, 0.127769413083759, 0.990978559125985, 11.47282109623975;
 0, 0, 0, 1]

[-0.9630451410534362, 0.2585837144106431, -0.07535594823875655, -3.520250572557996;
 -0.2657770229611921, -0.9577115480695132, 0.1102323217581052, 2.763472237255261;
 -0.04366497863566566, 0.1261865814414966, 0.9910450627014175, 11.52928402285047;
 0, 0, 0, 1]

[-0.9632160531887143, 0.2581764221107876, -0.07456386487856048, -3.541457508518642;
 -0.2652274683842795, -0.9579806489502977, 0.1092129399440954, 2.771464004524965;
 -0.0432345335816388, 0.1249720420847757, 0.991217818546024, 11.51451068252922;
 0, 0, 0, 1]

[-0.963208859430924, 0.2576281158582928, -0.07652742667230136, -3.519387001414315;
 -0.2650547172422085, -0.9577070765500395, 0.111996215979067, 2.737093314133166;
 -0.04443748396828179, 0.1281597028916773, 0.9907574882751512, 11.49786011820848;
 0, 0, 0, 1]

[-0.860459309523218, 0.5077995083487711, -0.04182625940211812, -1.770580458752097;
 -0.4986283596502759, -0.8561071042691718, -0.1358321941673939, -6.159546375276047;
 -0.104783279235296, -0.09602231688831436, 0.9898485636965376, 11.56530136063823;
 0, 0, 0, 1]

[0.2063839189547602, -0.4263979283264124, -0.880676152008114, 14.91944737547393;
 -0.4169709981297163, -0.8525640746176478, 0.3150709212067373, 0.5079631529628028;
 -0.8851784366530758, 0.3021908426645281, -0.3537510846543361, 2.808114718969083;
 0, 0, 0, 1]

[0.2028345457785415, 0.237378115898198, -0.9500051458447129, 14.78734686596285;
 -0.1031199852158782, -0.9595993820498117, -0.261792464785938, 5.846168851166731;
 -0.9737681529439589, 0.1510650722776156, -0.1701614769854478, 1.370154514590296;
 0, 0, 0, 1]

[0.2084695559161202, 0.1989941807575092, -0.9575707599341075, 15.10325974947252;
 -0.08814712856438181, -0.9712748433442964, -0.2210322655459306, 5.162219692203234;
 -0.9740485244493677, 0.1304856111268986, -0.1849404696296881, 1.511144057859014;
 0, 0, 0, 1]

[0.2046243160035096, 0.1652623063463381, -0.9647887123102059, 14.78757092803853;
 -0.2584605063130643, -0.9415412718212869, -0.2160976634152899, 3.116100498485621;
 -0.9441011894794384, 0.2935786156351354, -0.1499484593627659, 1.565753039148602;
 0, 0, 0, 1]

[0.1994901328231337, 0.2264403326707647, -0.9533773978053822, 14.99228529676267;
 -0.1063518510565362, -0.962182909160644, -0.2507854323839573, 5.326855175427325;
 -0.974111374886392, 0.1514226702284487, -0.1678636478152122, 1.306439708845576;
 0, 0, 0, 1]

[0.2037066215085133, 0.1664609399647723, -0.9647768487166506, 14.96741982841141;
 -0.1623719201524846, -0.966048029540106, -0.2009640867609769, 4.505027841430629;
 -0.9654734444300277, 0.1975903846034082, -0.1697617978601046, 1.302786105841762;
 0, 0, 0, 1]

[0.2023471722358887, 0.18203041826586, -0.9622476545640917, 15.00026070958481;
 -0.1440599124902145, -0.9663513434665186, -0.2131004988116317, 4.755414596669613;
 -0.9686600866668613, 0.1817415962470083, -0.1693151756108655, 1.314007677166162;
 0, 0, 0, 1]

[0.2023913505031053, 0.1797412576321678, -0.962668593829847, 14.97267750211706;
 -0.1501573367353123, -0.9656923946785135, -0.2118748996097366, 4.689343521066653;
 -0.9677244005738858, 0.1874333992779424, -0.1684583193820607, 1.301980051493824;
 0, 0, 0, 1]

[0.2015289324060411, 0.1860234828809913, -0.9616555273174004, 14.98260866432255;
 -0.1453888598191391, -0.9652421849401199, -0.2171856437532511, 4.721975470411763;
 -0.9686321122303209, 0.1835831915749612, -0.167478484968604, 1.288363793722557;
 0, 0, 0, 1]

[0.2023142025874008, 0.1779640560428063, -0.9630149314461417, 14.952671571567;
 -0.1488587473221316, -0.9663352595973691, -0.2098505168079677, 4.699322855372002;
 -0.967941132908975, 0.1858089363181391, -0.169011841026633, 1.312853266765212;
 0, 0, 0, 1]

[0.2010473713330425, 0.1863100505496187, -0.9617008472203152, 14.97767319767393;
 -0.145979383733072, -0.9650859963025357, -0.2174834229674867, 4.707157739980437;
 -0.968643367811387, 0.1841129675089204, -0.1668305763044444, 1.288008481063198;
 0, 0, 0, 1]

[0.2019944815447386, 0.1814118118972286, -0.9624385611194292, 14.99045205427853;
 -0.1469616833748925, -0.96595443364989, -0.2129185189966766, 4.726284892091292;
 -0.9682977295465948, 0.184449956943028, -0.1684568797604451, 1.30610542641742;
 0, 0, 0, 1]

[0.2019821338046495, 0.1831266788689575, -0.9621163324204332, 14.97176162354684;
 -0.1474165104810054, -0.9654870962740922, -0.2147161832881381, 4.710012346751512;
 -0.9682311656114584, 0.1852006652651318, -0.1680152478914595, 1.302489502093826;
 0, 0, 0, 1]

[0.2019748591853263, 0.183419336967521, -0.9620621097847389, 14.96093711910735;
 -0.1470803069584334, -0.9654863133513051, -0.2149501384887169, 4.742554916380033;
 -0.9682838114737234, 0.1849149143733424, -0.1680265898011939, 1.297359046206277;
 0, 0, 0, 1]

[0.2012867874671973, 0.1835143920247556, -0.9621881817560011, 14.96802817826748;
 -0.1464248677648191, -0.9656192518924341, -0.2148004154436186, 4.732356980267422;
 -0.9685263998937718, 0.1841247628497595, -0.1674953265447408, 1.310910815841041;
 0, 0, 0, 1]

[0.2017710897860783, 0.1795016696299312, -0.9628434856852935, 14.97833018036724;
 -0.1470655924200364, -0.9663645793180381, -0.2109768029087914, 4.744564294574108;
 -0.9683285283686952, 0.18417016707257, -0.1685859149151536, 1.306589514733724;
 0, 0, 0, 1]

[0.2017136442255167, 0.1844328152550265, -0.961923147860767, 14.96611188825597;
 -0.1470188240362701, -0.9652822708345467, -0.2159064681557572, 4.72226952879717;
 -0.9683475982890928, 0.1849720905153154, -0.1675955089438259, 1.292841684066786;
 0, 0, 0, 1]

[0.2016314301101395, 0.1834663450083017, -0.962125182417046, 14.96448013106452;
 -0.1467528609518219, -0.9655529088726832, -0.2148747960323759, 4.737464402600816;
 -0.9684050620449041, 0.1845201355321277, -0.1677616028446626, 1.304129708636804;
 0, 0, 0, 1]

[0.2023797449094362, 0.1818789405306163, -0.9622694476298476, 14.97508260158286;
 -0.1465624121514972, -0.9659107325671259, -0.2133914620034568, 4.739930519591688;
 -0.9682778001145776, 0.1842186410304305, -0.1688241514184959, 1.314066741842131;
 0, 0, 0, 1]

[0.201898488888044, 0.1809545936809749, -0.9625447704966654, 14.96816510721101;
 -0.146603794753268, -0.9661275707421396, -0.2123790112413033, 4.738126867877796;
 -0.9683719985360308, 0.1839917174158805, -0.1685310664942478, 1.3102255329537;
 0, 0, 0, 1]

[0.2003339223394529, 0.1811660669980069, -0.9628318522611119, 14.97483978174625;
 -0.1465993135374113, -0.9661472783537193, -0.212292434627475, 4.732009350819655;
 -0.9686975590092346, 0.1836798647053472, -0.1669932527720074, 1.310306748927486;
 0, 0, 0, 1]

[0.2022529766677464, 0.1804226201357964, -0.9625702112429877, 14.98525690346208;
 -0.1470246642103266, -0.9661499132434879, -0.211986068536217, 4.746397344342405;
 -0.9682342080007691, 0.1843963754604062, -0.1688801207193678, 1.310460695734667;
 0, 0, 0, 1]

[0.2008147758337407, 0.1820943790107969, -0.962556524542594, 14.9817713336096;
 -0.1465587243541597, -0.9659296115680743, -0.213308522594927, 4.733801473664417;
 -0.9686041328233772, 0.1839065595040626, -0.1672854185183292, 1.314130524191144;
 0, 0, 0, 1]

[0.2005640756977713, 0.1867528174061933, -0.9617158815005332, 14.97072503139723;
 -0.1475651824587038, -0.9647039104800202, -0.2181075010871623, 4.700037283154194;
 -0.9685032619797561, 0.1856603088853567, -0.1659267345522288, 1.277681526338283;
 0, 0, 0, 1]

[0.2008950655547611, 0.1825198484954081, -0.9624591822726623, 15.00192524527885;
 -0.1463232101912466, -0.965876549766441, -0.2137101045121737, 4.729004290289388;
 -0.9686230901620489, 0.183763422683866, -0.1673329426276674, 1.309400643679359;
 0, 0, 0, 1]

[0.2039590264079504, 0.1803514806977835, -0.9622234974042354, 14.97057763416676;
 -0.1456191197235393, -0.9663611561931685, -0.2119933672829034, 4.744166188555759;
 -0.9680887291553719, 0.183356099465274, -0.1708354567155714, 1.320908599296105;
 0, 0, 0, 1]

[0.2065077016762636, 0.1891524704390524, -0.9599874541238498, 15.01585886287473;
 -0.1244914909108582, -0.9680824698101563, -0.2175274703044635, 4.989344864603926;
 -0.9704928839714277, 0.1644313673636236, -0.1763686128191466, 1.39602895468958;
 0, 0, 0, 1]

[0.2100154315281928, 0.1928844728284971, -0.9584827065011137, 15.05591186913055;
 -0.1119437046059023, -0.9691552067544454, -0.2195604523129213, 4.941994447435449;
 -0.9712683076880115, 0.1534071881054498, -0.1819453465149511, 1.438296220708136;
 0, 0, 0, 1]

[0.2165750346589127, 0.222722398771989, -0.9505209032145174, 15.11272206221555;
 -0.05143829025548093, -0.9696733590956301, -0.2389302805334437, 5.2735525099241;
 -0.9749099223303062, 0.1006395039010445, -0.1985505819595298, 1.658920477798874;
 0, 0, 0, 1]

[0.2231197738852924, 0.2832604547624716, -0.9327277637494948, 14.99216626903076;
 0.04805904964566565, -0.9588818402384399, -0.2797068898116355, 5.094567860659319;
 -0.9736056153538408, 0.01758212810500284, -0.2275587276347975, 2.155179890989557;
 0, 0, 0, 1]

[0.2188478099168436, 0.3728583181169907, -0.9017107688752365, 15.14905802211217;
 0.1435939158753405, -0.9263574769644504, -0.3481990984991827, 4.444213323295171;
 -0.9651354430431963, -0.05327757016819393, -0.2562714909988748, 2.277062796118987;
 0, 0, 0, 1]

[0.2101368060935347, 0.42585883216664, -0.880049304181575, 15.12687564987766;
 0.2293831493757443, -0.8964972298992846, -0.3790462868376029, 4.060763995141389;
 -0.9503819724233377, -0.1222169049214344, -0.2860719046745971, 2.33619159472977;
 0, 0, 0, 1]

[0.1927719114550881, 0.3675571870140529, -0.9098025634324558, 14.91160838978791;
 0.3083375060901845, -0.902918087957008, -0.2994443333545421, 4.391113925247472;
 -0.9315401078279113, -0.2228017969280706, -0.2873889120922828, 2.880806696152405;
 0, 0, 0, 1]

[0.1876711940481818, 0.422203577020667, -0.8868616929800742, 14.76325721587491;
 0.3419199351207343, -0.8745140941502249, -0.3439707212825597, 4.020622067970112;
 -0.9207987189888801, -0.2386822965440993, -0.3084809239237852, 2.860750490114178;
 0, 0, 0, 1]

[0.1842171496781487, 0.4404278133773019, -0.8786850305815771, 14.7065390841499;
 0.3553139545523931, -0.8633673084504927, -0.3582581253779061, 3.815480584122373;
 -0.9164147726137976, -0.246211762315776, -0.3155372127539973, 2.836367964872769;
 0, 0, 0, 1]

[0.183239833444042, 0.4669764806184665, -0.8650757943605816, 14.69307991365557;
 0.3701645460590863, -0.8479844242332051, -0.3793423586929757, 3.553584192692091;
 -0.9107147590108942, -0.2507097581010173, -0.3282426616280383, 2.90517533511035;
 0, 0, 0, 1]

[0.1806005597011666, 0.4687087260313339, -0.8646939157746572, 14.68389861427414;
 0.3736012242549725, -0.8459484851565403, -0.3805171293076575, 3.47951709173795;
 -0.9098382070845408, -0.2543290990103939, -0.3278889237619196, 2.868712590446783;
 0, 0, 0, 1]

[0.1806868050176791, 0.4717578213849228, -0.8630161275750612, 14.68518171466056;
 0.3752690401098976, -0.8441451870998181, -0.3828734133250953, 3.460728692778113;
 -0.9091344378184665, -0.2546830600145293, -0.3295620016235736, 2.87521713915404;
 0, 0, 0, 1]

[0.1791044720743326, 0.4719545230351932, -0.8632383890152232, 14.69329736843247;
 0.3754096784693805, -0.8438213961230377, -0.3834488554637812, 3.468774155563651;
 -0.9093894442946272, -0.2553906412372833, -0.3283084814224548, 2.866150748788113;
 0, 0, 0, 1]

[0.1784451205864287, 0.4749474663555261, -0.8617321179701735, 14.68968569872387;
 0.3786753813783891, -0.8414828692805224, -0.3853719453273043, 3.389833527135219;
 -0.9081642442184267, -0.257548995163805, -0.3300094250370557, 2.862111229418075;
 0, 0, 0, 1]

[0.1733790081744572, 0.4759602157325296, -0.8622073953314741, 14.74222010029586;
 0.3874543074724119, -0.8378346301397515, -0.3845936715023526, 3.265098145067699;
 -0.9054385010289293, -0.2673854999404974, -0.3296757729589109, 2.719303013601123;
 0, 0, 0, 1]

[0.1622010020305719, 0.492026202317113, -0.8553368056933348, 15.17334807185393;
 0.4281795285945471, -0.8160512878849746, -0.3882300694611711, 3.145689509989951;
 -0.8890180685637552, -0.3032664039663373, -0.3430398839675884, 2.063466045998672;
 0, 0, 0, 1]

[0.1620635302782848, 0.4959802190983501, -0.8530762184101093, 15.15936057388135;
 0.4291777835243216, -0.813884614908303, -0.3916609040288728, 3.096865432513116;
 -0.8885616705006414, -0.3026474118156572, -0.3447647050357588, 2.102051530393869;
 0, 0, 0, 1]

[0.162991742423529, 0.4972862787683035, -0.8521385150610876, 15.15186635937943;
 0.4297330742123635, -0.8132403446071218, -0.3923896364983168, 3.108724713705259;
 -0.888123401802775, -0.3022358331701638, -0.3462518221153552, 2.1078207752049;
 0, 0, 0, 1]

[0.1623979335944818, 0.4876553483205565, -0.8577990279888401, 15.17432566917091;
 0.4270628552827097, -0.8184341661937629, -0.3844253285678502, 3.148607422826134;
 -0.8895190997398659, -0.3039042231708485, -0.341171502820651, 2.034695734431972;
 0, 0, 0, 1]

[0.1683519102549895, 0.4560186614244309, -0.8739019480160041, 14.74140960561608;
 0.3723537671763733, -0.8502904928939827, -0.371966059962023, 3.371010226896858;
 -0.9126939828787412, -0.2627794857419016, -0.312948295234472, 2.734403531189018;
 0, 0, 0, 1]

[0.1614155814612637, 0.4242833027219275, -0.8910267611541725, 14.84573567550232;
 0.3537858426311018, -0.8677347950366452, -0.3491015655028099, 3.587868842168179;
 -0.9212928891592091, -0.2588822213171169, -0.2901713422627952, 2.665248424595772;
 0, 0, 0, 1]

[0.1591057342064435, 0.3789657686968674, -0.9116305784135486, 14.94954038680501;
 0.330229263497295, -0.8906335555965498, -0.3126027881761159, 3.925536709306351;
 -0.9303945393609439, -0.251310198363377, -0.2668504924595368, 2.561539319911267;
 0, 0, 0, 1]

[0.1501452907012635, 0.3943902720805074, -0.9065940133094287, 15.34602178575841;
 0.2499188257598326, -0.9023481381487417, -0.3511529839120349, 3.686062671013969;
 -0.9565547408335079, -0.1738509443970979, -0.2340488772055479, 1.9470688510869;
 0, 0, 0, 1]

[0.156157819708592, 0.3723323230964444, -0.9148679557845842, 15.52363841607919;
 0.1875877145715196, -0.9205529284065459, -0.3426268456265019, 3.91564587718043;
 -0.9697554251901317, -0.1181141277736815, -0.213596507777092, 1.839152060431074;
 0, 0, 0, 1]

[0.1571286590677913, 0.3419041520604078, -0.9265053347409341, 15.57100801041439;
 0.1288722061694385, -0.9372356665203806, -0.3240081169957314, 4.070449881142911;
 -0.9791335654427228, -0.068489825565199, -0.1913285258853714, 1.742692500822041;
 0, 0, 0, 1]

[0.1590732143317403, 0.2441637599773116, -0.9565980194396758, 15.47011338216378;
 0.01697688500517272, -0.9694689148036421, -0.2446258543264995, 4.686025248105432;
 -0.987120812189516, 0.02267336638416088, -0.1583616765480843, 1.562079038764991;
 0, 0, 0, 1]

[0.1590732143317403, 0.2441637599773116, -0.9565980194396758, 15.47011338216378;
 0.01697688500517272, -0.9694689148036421, -0.2446258543264995, 4.686025248105432;
 -0.987120812189516, 0.02267336638416088, -0.1583616765480843, 1.562079038764991;
 0, 0, 0, 1]

[0.1801834739817337, 0.1751410114610883, -0.9679150488592791, 15.15508381584958;
 -0.1181731127923805, -0.9730388741961983, -0.1980668188161618, 4.669695142008134;
 -0.9765085924439341, 0.1500699017370968, -0.1546285661699832, 1.295566839182999;
 0, 0, 0, 1]

[0.180664850383775, 0.1829093221547573, -0.9663872886709012, 15.01251755062431;
 -0.1631103668057196, -0.9633779711781798, -0.2128330164450944, 4.560512436699919;
 -0.9699253683022794, 0.1960792302042759, -0.1442141303970823, 1.154834477307516;
 0, 0, 0, 1]

[0.1960475676938948, 0.2663504088060981, -0.9437281446105824, 15.08258197695793;
 -0.2310363068321239, -0.9227643334625036, -0.3084286138069457, 3.873848658563169;
 -0.9529887597063674, 0.2785021447284128, -0.1193690883562144, 1.507140741944826;
 0, 0, 0, 1]

[0.195442640809905, 0.2453220706910295, -0.9495363372642019, 14.89653233375254;
 -0.2492067590614559, -0.9240045998747208, -0.2900198107861643, 3.856905091139985;
 -0.9485242039037992, 0.2933131109279342, -0.1194539809568581, 1.336803448807836;
 0, 0, 0, 1]

[0.1946225537162797, 0.2431738289700519, -0.9502570970474241, 14.75337595816125;
 -0.2553843958237265, -0.9228069840015091, -0.2884546422711701, 3.915170327356846;
 -0.9470485055976298, 0.2988206137167957, -0.1174962504219329, 1.277256343829061;
 0, 0, 0, 1]

[0.199125216200033, 0.2371760675246808, -0.9508399766873592, 14.71225547924895;
 -0.2579906477374893, -0.9233560874691199, -0.2843490133862076, 4.004348567531783;
 -0.9454046614827327, 0.3019288802470658, -0.1226742732583826, 1.264420651039095;
 0, 0, 0, 1]

[0.2140325770104486, 0.1678295261435052, -0.9623010475587737, 14.83616390166196;
 -0.3108164125028072, -0.922228898879529, -0.2299717717250018, 4.546191447461206;
 -0.9260578889557345, 0.3483204102918719, -0.1452228565927234, 0.7529310182526392;
 0, 0, 0, 1]

[0.2207886510949267, 0.1483338704104583, -0.9639758474343308, 14.73337172484916;
 -0.3114699454823957, -0.9258892118892083, -0.2138121614136443, 4.490488220056617;
 -0.9242504231045158, 0.3474568033529264, -0.1582242876264246, 0.8701668342423332;
 0, 0, 0, 1]

[0.2128192257618435, 0.2631606385872322, -0.9409858954545969, 14.91133220533153;
 -0.2286220255440499, -0.9229028727671043, -0.3098100335275829, 4.152865955570433;
 -0.949968392412224, 0.2810636328958026, -0.1362471565983977, 1.568812203049893;
 0, 0, 0, 1]

[0.2121518027646681, 0.2636720213424212, -0.9409934525515591, 14.91720115421542;
 -0.2279523059805262, -0.9229972191401987, -0.310022385736289, 4.140762085520073;
 -0.9502785690427107, 0.2802734354530618, -0.135710878699817, 1.577555154179686;
 0, 0, 0, 1]

[0.2144041847591805, 0.2678717267070668, -0.9392952590047106, 14.96834941052898;
 -0.2243312708848854, -0.9224467850084647, -0.3142728269047765, 4.156867716616438;
 -0.950634696642682, 0.2780947084331559, -0.1376844460371415, 1.59430431418954;
 0, 0, 0, 1]

[0.2148113778714847, 0.2728435156222576, -0.9377699546902967, 15.0154983197493;
 -0.2197351126404047, -0.9220657515094466, -0.3186082707122149, 4.168714983248393;
 -0.9516157587019367, 0.2745016682576015, -0.1381169139313895, 1.630170449273249;
 0, 0, 0, 1]

[0.2132116555403778, 0.2799476727213239, -0.9360395774109372, 15.05404877579955;
 -0.2178229785239485, -0.9203341642626878, -0.324866397335667, 4.149797214854927;
 -0.9524147940727753, 0.2731562311733242, -0.1352469349098113, 1.61302347158395;
 0, 0, 0, 1]

[0.2149257302339072, 0.2821883875630048, -0.9349741410370737, 15.0565401292166;
 -0.2153244641532984, -0.9200969524197079, -0.3271956192938112, 4.205589507559687;
 -0.952597661985645, 0.271645563322056, -0.1369904460425105, 1.644789331796771;
 0, 0, 0, 1]

[0.2051094383001055, 0.2004433815720121, -0.9579940339606461, 14.77405820680788;
 -0.1782277330809366, -0.9547896265671546, -0.2379320158376839, 4.864091141620822;
 -0.9623746637775983, 0.219543207099947, -0.1601117944913, 1.260406615373083;
 0, 0, 0, 1]

[0.2053151902788192, 0.1890260555138871, -0.9602680995313928, 14.78222399419969;
 -0.1742838381928478, -0.9584268390368493, -0.2259272846705387, 4.866786121944159;
 -0.9630528627160304, 0.2137455135217914, -0.1638354023517635, 1.316557351177597;
 0, 0, 0, 1]

[0.2086532321997594, 0.1879742988015964, -0.9597549122993022, 14.8130717295916;
 -0.1659037044349859, -0.9603284379046325, -0.2241545275170617, 4.925762720113205;
 -0.9638152258329092, 0.2059974619787742, -0.1691900000323939, 1.35684528671447;
 0, 0, 0, 1]

[0.2199915477071946, 0.1865341341462253, -0.9575012980334342, 14.81991999275577;
 -0.1392003334308719, -0.9655001185199795, -0.2200745062714884, 5.135785043257757;
 -0.9655190242093251, 0.1816990311923081, -0.1864362517152963, 1.52898251507592;
 0, 0, 0, 1]

[0.2239607660140985, 0.2046325032674287, -0.9528730838327233, 15.00246455400443;
 -0.09479654961445311, -0.9684987606657123, -0.2302688966625192, 5.280033184637017;
 -0.969976901512388, 0.1419002790535848, -0.1975072690736774, 1.57663724859782;
 0, 0, 0, 1]

[0.2280312144198207, 0.2122215548439373, -0.9502440617598424, 14.98828177741533;
 -0.03586875647348026, -0.9734633039338594, -0.2260146636907009, 5.357049075913292;
 -0.9729929072502368, 0.08562247107971242, -0.2143678961200485, 1.853578522572399;
 0, 0, 0, 1]

[0.2162877934489853, 0.2640331900769453, -0.9399500332160007, 15.16276817040909;
 0.02147858096276004, -0.9637921656151516, -0.2657881337808037, 5.114972767429723;
 -0.9760933669300265, 0.03729793609099487, -0.2141275390942434, 1.978140202248444;
 0, 0, 0, 1]

[0.207797789631965, 0.3511436553055621, -0.9129721857552496, 15.31855934236254;
 0.1083101835425405, -0.9358658534927836, -0.3352968959104822, 4.545234945068854;
 -0.9721568714796242, -0.02921023116772814, -0.232503289503777, 2.132446278995961;
 0, 0, 0, 1]

[0.2068627411419446, 0.3772081096205558, -0.9027302190376304, 15.24736604004086;
 0.1581560142134976, -0.9234452128661932, -0.3496221017078456, 4.271518589347358;
 -0.965502191346732, -0.07044842702997661, -0.2506841391745019, 2.18479624297844;
 0, 0, 0, 1]

[0.2096166896164418, 0.4015535274444363, -0.8915243171283522, 15.2248641781276;
 0.1931731408469177, -0.9108169913015837, -0.364823993196264, 4.180246872255301;
 -0.9585118575633695, -0.09574535473463519, -0.2684917986776461, 2.229601118542959;
 0, 0, 0, 1]

[0.2067511784572532, 0.4214543032438576, -0.8829667153883958, 15.17290669908934;
 0.2268033558698646, -0.8985284541315408, -0.375775005664495, 4.045419799667546;
 -0.9517427110163257, -0.1225678889155645, -0.281359067090572, 2.298952956126816;
 0, 0, 0, 1]

[0.205406320764928, 0.4289598862535486, -0.8796599680417191, 15.08184103009671;
 0.244846009914423, -0.8927663906886876, -0.378178004497459, 3.989775429747656;
 -0.9475540484947557, -0.1377010807584184, -0.2884089761764735, 2.351252758564063;
 0, 0, 0, 1]

[0.2029781664533982, 0.4347526316643043, -0.8773767794990809, 15.08306871455745;
 0.2538740420680746, -0.8887549293917821, -0.3816577606257023, 3.989167113504107;
 -0.9456996535408241, -0.1452749969635866, -0.2907702538947124, 2.388751705235956;
 0, 0, 0, 1]

[0.2053819177189599, 0.4428065847033149, -0.8727775182814171, 15.04679593546061;
 0.2617955021539093, -0.8841479284370491, -0.3869697090115157, 4.019829326668148;
 -0.9430171700059685, -0.1490126477311934, -0.297512769289108, 2.463793030756578;
 0, 0, 0, 1]

[0.2112813042972977, 0.3811438468745685, -0.9000497644264387, 14.88173468963054;
 0.3040594098163294, -0.9007778451681215, -0.3100760373786101, 4.623396547758569;
 -0.9289284610542288, -0.208155330568139, -0.306207891145037, 3.077101664077766;
 0, 0, 0, 1]

[0.210864423511028, 0.3888296246915039, -0.8968543459556997, 14.85562312643259;
 0.3116873761158765, -0.8963382148871761, -0.31532330091966, 4.553763865558007;
 -0.9264918642208153, -0.2130477117810341, -0.3101991264293043, 3.025651123182826;
 0, 0, 0, 1]

[0.206485920113736, 0.3897322973449173, -0.8974810868207953, 14.84341127167788;
 0.3154131926718626, -0.8947958530977076, -0.3159982581719209, 4.476595013638754;
 -0.9262170818352063, -0.2178281838637932, -0.3076894532337363, 2.972699829378986;
 0, 0, 0, 1]

[0.2066090583364445, 0.3929271815688408, -0.896058551099031, 14.85032875066416;
 0.3174610493145867, -0.8931931880594308, -0.318471994015662, 4.460225641003588;
 -0.9254896969612406, -0.2186644890891008, -0.3092808788625533, 2.966265704132712;
 0, 0, 0, 1]

[0.2066828336988284, 0.3991920162545566, -0.8932681234729272, 14.8575684125839;
 0.3189650195689189, -0.890594474803184, -0.3241956164747453, 4.410866305677398;
 -0.9249559570842398, -0.2179156157980947, -0.3113988790052324, 3.015742691245731;
 0, 0, 0, 1]

[0.2068620012718421, 0.3907179179804849, -0.8969657858574113, 14.85349942873667;
 0.3152530707849498, -0.894516958915567, -0.3169462282045727, 4.462755333662725;
 -0.9261876774123415, -0.2172070873186248, -0.3082165917469264, 2.989877536496264;
 0, 0, 0, 1]

[0.2061971972137695, 0.388691686616894, -0.8979986016782542, 14.87400644556401;
 0.3127764354789449, -0.8957551307200565, -0.3159013250965875, 4.518648807249349;
 -0.927175073689037, -0.215734833866969, -0.3062757975846608, 2.993286173680769;
 0, 0, 0, 1]

[0.2073812641446483, 0.3822543264410243, -0.9004857806755676, 14.89050959040031;
 0.3086136781405572, -0.8990558931593009, -0.3105738215627459, 4.552428593735765;
 -0.928305234794205, -0.2134950371616414, -0.3044162613281776, 3.002007588927968;
 0, 0, 0, 1]

[0.2013109607612913, 0.4403926369119517, -0.8749446967843763, 15.05508639964364;
 0.265398047499896, -0.8843429174989297, -0.38405921503425, 3.996896277297938;
 -0.9428879962437794, -0.1548932846291898, -0.2949072683339151, 2.431846645200234;
 0, 0, 0, 1]

[0.1948222248439978, 0.4217223744144694, -0.8855475930886253, 15.22429402218615;
 0.2372019309885736, -0.8963059926980149, -0.3746609285593014, 4.006048069626861;
 -0.9517245108969966, -0.1370613233988644, -0.274653689190633, 2.256770584218923;
 0, 0, 0, 1]

[0.1906038067182645, 0.3909439080963779, -0.9004626863934104, 15.36219135294219;
 0.1750384396694275, -0.9161143556044884, -0.3606882755142803, 4.24102212224726;
 -0.9659356777252814, -0.08886702525517556, -0.2430450952389234, 2.106871892009885;
 0, 0, 0, 1]

[0.1889231799550517, 0.3376297320756366, -0.922124826742131, 15.3570797854437;
 0.08116144645784193, -0.9411909126561301, -0.3279824470034819, 4.814250215381768;
 -0.9786321329715993, -0.01287749789574122, -0.2052152975862256, 1.979188159071854;
 0, 0, 0, 1]

[0.2071034316763927, 0.2560040661849925, -0.9442298908023469, 15.13478433459476;
 -0.0112906593023442, -0.9644656464217773, -0.2639669257402175, 5.488130759960368;
 -0.9782538983312973, 0.06532943417000556, -0.196853690416631, 1.779543979816502;
 0, 0, 0, 1]

[0.2100260395827109, 0.2419539701551083, -0.9472841912664764, 15.06209780808074;
 -0.04698020306215761, -0.965277841979838, -0.2569660450389996, 5.515468634622455;
 -0.9765663946795629, 0.09847316441004446, -0.1913664355983893, 1.661797062643039;
 0, 0, 0, 1]

[0.2105542648243492, 0.2297681162243019, -0.9501965661540844, 15.07529513171305;
 -0.07639017435029584, -0.9651471982145235, -0.2503106610621821, 5.414057243063945;
 -0.974592962639793, 0.1252896585732076, -0.1856638323088262, 1.516644002183916;
 0, 0, 0, 1]

[0.2121710452522149, 0.2145566774706802, -0.9533881055002338, 14.98575524937262;
 -0.09745468770302687, -0.9660911605152577, -0.2391034366523998, 5.332603252399811;
 -0.9723610602041239, 0.1436429661592421, -0.1840670173379434, 1.497056268605929;
 0, 0, 0, 1]

[0.2043100118992517, 0.2036304983284545, -0.9574925791818092, 14.99623800842362;
 -0.1234484605036532, -0.9649563583035606, -0.2315592886688167, 5.178306116784878;
 -0.9710910856541759, 0.1655108658669748, -0.1720123735170194, 1.392818178352078;
 0, 0, 0, 1]

[0.1986029016168399, 0.189887924495321, -0.9615089513885097, 14.84796643799398;
 -0.1638635430264364, -0.9608087606587072, -0.223596209065141, 4.902075270788189;
 -0.9662844440102486, 0.2019631193370173, -0.1597036996799592, 1.288612425551992;
 0, 0, 0, 1]

[0.2196340657567634, 0.2802518109487525, -0.9344623050819647, 15.01963155632835;
 -0.2127076840776535, -0.9210502026535764, -0.3262237963823716, 4.313440957264221;
 -0.9521115051786084, 0.2704171715179171, -0.1426822871094181, 1.712328105351216;
 0, 0, 0, 1]

[0.214412102579711, 0.2739370930424415, -0.9375424893426454, 14.9096620905192;
 -0.2245863231068981, -0.9203205939465131, -0.3202670570496772, 4.267833852146624;
 -0.9505726872473623, 0.2792283535269905, -0.1358053491064861, 1.578637862001969;
 0, 0, 0, 1]

[0.2148523267170024, 0.2679716727809212, -0.9391643414713345, 14.83603645208996;
 -0.2293084460969512, -0.9208988755064034, -0.3152188091463504, 4.294694007209436;
 -0.9493450975556214, 0.2830838103425142, -0.1364090981902278, 1.548790611008391;
 0, 0, 0, 1]

[0.2154177016031298, 0.2667327770702559, -0.9393874810068601, 14.83669394334509;
 -0.2298370364734942, -0.921099669844786, -0.3142456600764885, 4.278822636856471;
 -0.9490891162062214, 0.2836001125673531, -0.1371161028131929, 1.53903851142693;
 0, 0, 0, 1]

[0.2142154077865707, 0.2659520005874598, -0.9398836589974107, 14.86336150234416;
 -0.2301091114021901, -0.9213989623986609, -0.313167285871889, 4.233863647611358;
 -0.9492952943718449, 0.2833610514417935, -0.1361798759335372, 1.532917432587611;
 0, 0, 0, 1]

[0.214027651271011, 0.2659802150192442, -0.9399184484356778, 14.87328053196818;
 -0.2301154247006527, -0.9214063484411968, -0.3131409145530141, 4.200047894226583;
 -0.9493361131897667, 0.2833105474043923, -0.1360002864819433, 1.524244636250346;
 0, 0, 0, 1]

[0.2168473454212435, 0.2625894236067823, -0.9402255173061506, 14.87594801143759;
 -0.2279601704722685, -0.9228938497492697, -0.3103241897971003, 4.27225404434234;
 -0.9492161974292342, 0.2816269459849861, -0.1402671516541036, 1.588337140796068;
 0, 0, 0, 1]

[0.2211457833169499, 0.2670712666898922, -0.9379592107494809, 14.90650934898714;
 -0.2223314721976404, -0.9226388924264265, -0.3151288476997415, 4.307060635607663;
 -0.9495595078727622, 0.2782272680575961, -0.1446593526794729, 1.637628540533354;
 0, 0, 0, 1]

[0.2214423063421628, 0.2780403401248606, -0.934696140050399, 14.94924404595452;
 -0.2163259959647771, -0.9206049738505906, -0.3250992857442179, 4.315406840530005;
 -0.9508766315520172, 0.2741898090462248, -0.1437135351436456, 1.659291328853574;
 0, 0, 0, 1]

[0.2136478276447719, 0.199409093790031, -0.9563423126979735, 14.71151109286524;
 -0.172496673509978, -0.9558632688433573, -0.2378451363893823, 5.019531971591239;
 -0.9615609722584741, 0.2157809643827057, -0.1698207055673941, 1.349263482494708;
 0, 0, 0, 1]

[0.2240173074111453, 0.1958087338001361, -0.9547120957376877, 14.80555723238145;
 -0.1361812979666331, -0.9637088759287965, -0.2296080498157207, 5.263494003540759;
 -0.9650237821237274, 0.1814501094616447, -0.1892219799916852, 1.543171326998696;
 0, 0, 0, 1]

[0.234840001309463, 0.2199121471880079, -0.9468309359669927, 14.93623405221501;
 -0.07217600212973561, -0.9674377965010593, -0.2425999476870171, 5.467135471317963;
 -0.9693507097544932, 0.125310643683348, -0.2113207137933365, 1.72786519395371;
 0, 0, 0, 1]

[0.2351482505899661, 0.2467917913296092, -0.9401059046601086, 14.96070901508412;
 0.005227541320020943, -0.9675345653544252, -0.2526846605082532, 5.34375699055663;
 -0.9719454578607927, 0.05450391340762885, -0.228804174715034, 2.081634677323207;
 0, 0, 0, 1]

[0.2187303960782536, 0.317550511387149, -0.9226693267629581, 15.16229354432656;
 0.06593827619872078, -0.9482146066466585, -0.3107108036001708, 5.004404300638014;
 -0.9735549073182218, 0.007122672229074173, -0.2283420898059001, 2.138967151336967;
 0, 0, 0, 1]

[0.2201027442343571, 0.3672964790739489, -0.9036858295007094, 15.10140344478335;
 0.133470460235076, -0.9290310891026234, -0.345089657517333, 4.540457586452892;
 -0.9663024465586031, -0.04466018294491667, -0.2535055222952439, 2.305139343415549;
 0, 0, 0, 1]

[0.2198206974219681, 0.4031765846784472, -0.8883284879772472, 15.1018213020244;
 0.1785859425774359, -0.9118444326170623, -0.369657668416329, 4.393072263833155;
 -0.9590547023494792, -0.07738457386514899, -0.2724439495181735, 2.334635406240465;
 0, 0, 0, 1]

[0.2174036067259335, 0.4192197208119359, -0.881470644698346, 15.13507782101957;
 0.2066513397485699, -0.9023676562465982, -0.378190212380149, 4.207419177387278;
 -0.9539553949544373, -0.0999371734760576, -0.2828103000156462, 2.339771999364221;
 0, 0, 0, 1]

[0.2156359157899108, 0.4346987557936194, -0.8743787185956241, 15.07799963565382;
