[-0.9652667181843152, 0.2530340700435946, -0.06506859582667446, -3.118904535828754;
 -0.2591058275997779, -0.959083819756633, 0.1141157166426272, 2.715952687892984;
 -0.03353107319362194, 0.1270117556693059, 0.9913342932897491, 11.46705189841238;
 0, 0, 0, 1]

[-0.9651464204953611, 0.2531646853930146, -0.06633271496665395, -3.115104706652279;
 -0.2594472194376561, -0.9588180595199328, 0.1155641339884447, 2.698810557505883;
 -0.03434424742311515, 0.1287461487124427, 0.9910826917369981, 11.45019302594041;
 0, 0, 0, 1]

[-0.9654479532513066, 0.2514818449671608, -0.06831640516578526, -3.136602396352585;
 -0.2582054221478272, -0.9585629077380544, 0.1203624188948883, 2.65983530299858;
 -0.03521660881352939, 0.1338433172058999, 0.9903765732805858, 11.51152629101028;
 0, 0, 0, 1]

[-0.96526361353823, 0.2535787471848888, -0.06296010923799999, -3.157902455131213;
 -0.2593343867039993, -0.9591880749883925, 0.1127116350379246, 2.723084220807163;
 -0.0318093107749788, 0.1251241614405628, 0.9916310362084365, 11.51269346232649;
 0, 0, 0, 1]

[-0.9654260000336665, 0.2508515445828826, -0.07089528220817787, -3.122483797126324;
 -0.2579149577901624, -0.9586790095065623, 0.120060115274039, 2.651247360060727;
 -0.03784855356673254, 0.1341941105708402, 0.9902320069968489, 11.54694250450582;
 0, 0, 0, 1]

[-0.9652498032136378, 0.2523500637596544, -0.06791364160852958, -3.140573584248382;
 -0.2588716618370135, -0.9588753419036385, 0.1163767218430007, 2.692581588144897;
 -0.03575304314007919, 0.1299135251222081, 0.9908805154490353, 11.51800942055178;
 0, 0, 0, 1]

[-0.965344426943983, 0.2528174276941085, -0.06475712796539988, -3.132791483201367;
 -0.258938149477463, -0.9588130194488513, 0.1167417169676876, 2.700821238791928;
 -0.03257563680697625, 0.129464056747465, 0.991048881689046, 11.4616214404683;
 0, 0, 0, 1]

[-0.9651536068553932, 0.2538143534006743, -0.06369292882120188, -3.146017200229877;
 -0.2598087033898928, -0.9585067135222545, 0.1173214293112284, 2.679347881895011;
 -0.03127223715834475, 0.1297811779133033, 0.991049389809886, 11.44228448719423;
 0, 0, 0, 1]

[-0.9654175378783922, 0.2525112439436173, -0.06486177024156929, -3.121333503482352;
 -0.258547636018864, -0.9592780727180272, 0.1137484026764523, 2.7233617971661;
 -0.03349772329398162, 0.1265845602134569, 0.991390060293972, 11.49733112345715;
 0, 0, 0, 1]

[-0.9653083025048081, 0.2532572177034859, -0.06356620797542321, -3.131599694280518;
 -0.2591821417922066, -0.9588935764295287, 0.1155323610863728, 2.714504375691626;
 -0.03169382418216754, 0.1279995732933381, 0.9912676786546771, 11.44503656346428;
 0, 0, 0, 1]

[-0.9651934413586307, 0.2538484476198707, -0.06294907782696468, -3.152361874157589;
 -0.2596511632234915, -0.9589158575326957, 0.1142875829170544, 2.728238175969324;
 -0.03135114343961472, 0.1266544267418891, 0.9914513412123216, 11.44944992915447;
 0, 0, 0, 1]

[-0.9652660568876976, 0.2537314469854501, -0.06230403061717432, -3.147173915814051;
 -0.2594982643095675, -0.9587815394355405, 0.1157523669647278, 2.700395590684074;
 -0.03036593882622226, 0.1278996186401075, 0.9913221460811402, 11.45588728445981;
 0, 0, 0, 1]

[-0.9653783617602445, 0.2529855919569545, -0.06358387301270545, -3.137080310425755;
 -0.2588640851863756, -0.9591669622247837, 0.1139654508046242, 2.709273272222515;
 -0.03215593328963408, 0.1264793613150765, 0.9914479144743831, 11.50819897340364;
 0, 0, 0, 1]

[-0.9655304767583694, 0.2518600236651199, -0.06570712997963853, -3.173018437197299;
 -0.2582399173594054, -0.9585222159895862, 0.1206122155364895, 2.634629788201636;
 -0.03260434837507607, 0.1334229737856955, 0.9905227238853317, 11.56648587626568;
 0, 0, 0, 1]

[-0.9656878178070266, 0.2509564766520031, -0.06684224237348348, -3.152810879946123;
 -0.2574999067319042, -0.9587026464999273, 0.1207602319768228, 2.640764436049006;
 -0.03377627232486619, 0.1338285560724917, 0.9904287359559941, 11.50395277444826;
 0, 0, 0, 1]

[-0.9652819565161231, 0.2519028126175679, -0.06910656567768084, -3.141815344381336;
 -0.2586278172818804, -0.9587936282709671, 0.1175858431742731, 2.678917367803865;
 -0.03663873022384184, 0.1313763729989259, 0.9906552639870394, 11.53464017978638;
 0, 0, 0, 1]

[-0.9650746443062254, 0.2539800944845673, -0.06422649393219979, -3.148437340041639;
 -0.2599917855442055, -0.9586491068300939, 0.1157417877147192, 2.711057839027488;
 -0.03217456086333464, 0.128397825446826, 0.9912006840462623, 11.43249231295341;
 0, 0, 0, 1]

[-0.9657644074254487, 0.2508350158742172, -0.06618839899524016, -3.147687464154184;
 -0.2573419892250745, -0.9585534812088709, 0.1222715185316535, 2.61234508453353;
 -0.03277514198067721, 0.1351185349007902, 0.9902872167176597, 11.51038980743309;
 0, 0, 0, 1]

[-0.9652629705316016, 0.2530826916739219, -0.06493495896349587, -3.116361996029157;
 -0.2591330354964396, -0.9590909081707877, 0.1139942971316309, 2.719843326884503;
 -0.03342854521078209, 0.1268612668989875, 0.9913570251558593, 11.46381161071483;
 0, 0, 0, 1]

[-0.9654588302596363, 0.2522238140075546, -0.06536355805169347, -3.112131349366014;
 -0.2584692109179486, -0.9587857234176792, 0.1179983202333426, 2.68692351853803;
 -0.03290765991600792, 0.1308169874974956, 0.99086023318172, 11.45722402862439;
 0, 0, 0, 1]

[-0.9652972058050162, 0.2526418973161345, -0.06613150675383137, -3.117508105115048;
 -0.2588896525279148, -0.9590113820568423, 0.11520988195203, 2.706103232814697;
 -0.03431402452356448, 0.1283325399340672, 0.9911373804448443, 11.48038778780084;
 0, 0, 0, 1]

[-0.9652183888388716, 0.2528601142999942, -0.06644715527008466, -3.103556928171057;
 -0.2590543989874527, -0.9592791773876872, 0.1125800968006852, 2.721261024526628;
 -0.03527435630231306, 0.1258778075221993, 0.9914184269827055, 11.4858326912117;
 0, 0, 0, 1]

[-0.9649437074762546, 0.2537675896351385, -0.06697500916575155, -3.122227742270082;
 -0.2600574195686537, -0.9588943737608756, 0.1135417037789703, 2.739181888775721;
 -0.03540875498056606, 0.1269787006568825, 0.9912732366256122, 11.49225968769387;
 0, 0, 0, 1]

[-0.9655558362951362, 0.2509992140676284, -0.06856618360265429, -3.12327042156916;
 -0.2576235497087733, -0.9591824083325319, 0.1166156686764486, 2.661094679513158;
 -0.03649703593240494, 0.1302632031037042, 0.990807480939315, 11.52804632421505;
 0, 0, 0, 1]

[-0.9655690084318419, 0.2513566994247337, -0.06705445257590031, -3.140414870004326;
 -0.2578619397231771, -0.9588364354346037, 0.1189113540637038, 2.677064655895034;
 -0.03440508680631646, 0.1321079094428756, 0.9906380722869896, 11.52830381242445;
 0, 0, 0, 1]

[-0.9650610035337459, 0.253463970726409, -0.06643248453912699, -3.115557768200938;
 -0.2597119000169769, -0.9589028077568023, 0.1142590664485441, 2.689913659708424;
 -0.03474173927728862, 0.1275202761121661, 0.9912273153683092, 11.47973151275634;
 0, 0, 0, 1]

[-0.9653950204595213, 0.2513031808596662, -0.06970771665873443, -3.121181160469518;
 -0.2581588029261204, -0.9587642277307562, 0.1188494345615463, 2.664944518501824;
 -0.03696602418049657, 0.1327323129974786, 0.9904623395882485, 11.53026684230567;
 0, 0, 0, 1]

[-0.9653014147923338, 0.2510505872960792, -0.07188032566852089, -3.082858848592891;
 -0.2582008941969922, -0.958742925259562, 0.1189298175421609, 2.648993855041054;
 -0.03905735315907267, 0.1333626854972251, 0.9902973883037239, 11.51446935318769;
 0, 0, 0, 1]

[-0.9657223786043597, 0.2504808048230076, -0.06811500479304075, -3.137094230530154;
 -0.2571899413681487, -0.9588166240843041, 0.1205156232138655, 2.655117199902089;
 -0.03512294864879414, 0.1339031283980943, 0.9903718143623721, 11.49316289332289;
 0, 0, 0, 1]

[-0.9651343789081754, 0.2534133682421063, -0.06555375996631387, -3.166678794311597;
 -0.2595478631631656, -0.9589525798228673, 0.114214081349464, 2.702147332285023;
 -0.03391957218134008, 0.1272462747873506, 0.9912910007539547, 11.46798552223145;
 0, 0, 0, 1]

[-0.9652275071841018, 0.2535079384252507, -0.06379329534162635, -3.134642232852402;
 -0.2594217129868388, -0.9589720399331307, 0.1143372269099796, 2.701836377138304;
 -0.0321905918886071, 0.1269108024632626, 0.9913916552059495, 11.47785516307404;
 0, 0, 0, 1]

[-0.9650965731367892, 0.2529900514349448, -0.06770995786861837, -3.099792911366344;
 -0.2593963041786498, -0.9590150548552142, 0.1140336877396672, 2.704082508082521;
 -0.03608548043304245, 0.1276172340869152, 0.9911668273635479, 11.46892352316296;
 0, 0, 0, 1]

[-0.9653515642418091, 0.2534327009992131, -0.06219504385508243, -3.146860356859118;
 -0.259227489494259, -0.9586952886029536, 0.1170660168494821, 2.709181004869854;
 -0.02995773867293798, 0.1291325275627439, 0.9911747193198899, 11.42631917578864;
 0, 0, 0, 1]

[-0.9653005281420983, 0.2525260461865084, -0.06652432912848781, -3.155990204193572;
 -0.2589184795357325, -0.9586761881484858, 0.1179032961031772, 2.687355542138111;
 -0.0340016370707415, 0.1310364921481738, 0.9907942906587685, 11.49921899737659;
 0, 0, 0, 1]

[-0.9657691421744914, 0.2513060481802903, -0.06430578645466203, -3.172320961718635;
 -0.2574691398676466, -0.958862466759044, 0.1195508755993686, 2.643657849544335;
 -0.03161654692342673, 0.1320153021008059, 0.9907433340537154, 11.53156125108156;
 0, 0, 0, 1]

[-0.9653622119835132, 0.2517786680026721, -0.06843465505939764, -3.136899286047386;
 -0.2584705712190537, -0.9586499522133763, 0.1190933790560468, 2.650576047350745;
 -0.03561970645576165, 0.1326565922225177, 0.9905218145260177, 11.54105901345609;
 0, 0, 0, 1]

[-0.965183042237899, 0.2532364158811645, -0.06552108552256934, -3.138207290745634;
 -0.2593590039139402, -0.9590345010359159, 0.1139549600129831, 2.719940523617274;
 -0.03397943591589961, 0.1269808784599228, 0.9913229818986261, 11.4848221477243;
 0, 0, 0, 1]

[-0.9653950204595213, 0.2513031808596662, -0.06970771665873443, -3.121181160469518;
 -0.2581588029261204, -0.9587642277307562, 0.1188494345615463, 2.664944518501824;
 -0.03696602418049657, 0.1327323129974786, 0.9904623395882485, 11.53026684230567;
 0, 0, 0, 1]

[-0.9654836765512183, 0.2516541582374202, -0.0671673652524654, -3.14074382771903;
 -0.2581274886214736, -0.9589229957665909, 0.1176303014023082, 2.667914308592499;
 -0.03480617662303105, 0.1309078791816685, 0.9907833553492127, 11.55790246927712;
 0, 0, 0, 1]

[-0.9654472325285385, 0.2515071495533243, -0.06823338571804805, -3.15358825150183;
 -0.258270844119822, -0.9583611169963698, 0.1218201153632062, 2.631741447111076;
 -0.03475359377993557, 0.1352335873702684, 0.9902040519844114, 11.53896165836711;
 0, 0, 0, 1]

[-0.965226187509088, 0.253444436571355, -0.06406500228439457, -3.170404275489735;
 -0.2594771639744754, -0.9586444990105301, 0.1169287214187051, 2.686770092558578;
 -0.03178062810005926, 0.129486069088062, 0.9910718185831378, 11.49342266424415;
 0, 0, 0, 1]

[-0.8568333435933034, 0.5155255394430881, 0.008368959829816683, -1.115777207550249;
 -0.5155928827058464, -0.856695096272916, -0.01541075355116674, -3.162175572670352;
 -0.0007749901905807514, -0.01751942361644319, 0.9998462227694579, 12.61764168876385;
 0, 0, 0, 1]

[0.2522245075034968, 0.01128017256958776, -0.9676029947873347, 15.08497123977292;
 -0.2514800811895212, -0.9648105556265438, -0.07680078460869842, 1.593256099451491;
 -0.934419909130542, 0.2627039197621538, -0.2405121285134483, 2.301263205786026;
 0, 0, 0, 1]

[-0.1957173520996713, -0.1059681024613947, -0.9749181911051947, -4.813152079631606;
 0.3278086310984823, 0.9298881079404229, -0.1668820184690974, -1.982304111551375;
 0.9242490029556065, -0.3522483044270226, -0.1472579796270994, 0.6315538408148031;
 0, 0, 0, 1]

[0.197376138728017, 0.2459443104492489, -0.948975266283828, 15.20061588045094;
 0.0001375138116422731, -0.9680252202473223, -0.2508528533923319, 5.174470533346545;
 -0.9803278232054675, 0.04938187038546284, -0.1910989009033361, 1.718738851829446;
 0, 0, 0, 1]

[0.1852472270356912, 0.1511629513294262, -0.9709959974278809, 14.97052704486267;
 -0.1723227332478352, -0.9677902885049368, -0.1835397316156006, 4.298426138865516;
 -0.9674649040050928, 0.2013249105821453, -0.1532316543587143, 1.19823759730542;
 0, 0, 0, 1]

[0.1887305951517912, 0.1923358794132195, -0.9630096946261724, 15.08876416870357;
 -0.1401058461720997, -0.9653275689910585, -0.2202567511206253, 4.751891952391126;
 -0.9719830833517886, 0.1764924758627309, -0.1552394654776708, 1.197232054464211;
 0, 0, 0, 1]

[0.1875425839751391, 0.1844704560142812, -0.9647789539857361, 15.12707468974644;
 -0.1447826329775359, -0.9662868732274242, -0.2129029539871628, 4.60447092798897;
 -0.9715275438113014, 0.1796116073260604, -0.1545118187380146, 1.193769128052212;
 0, 0, 0, 1]

[0.1854727336948808, 0.1875737509886703, -0.9645807135723731, 15.07630840582558;
 -0.146416189885992, -0.965379242083814, -0.215882417748528, 4.604562739858775;
 -0.9716800730667564, 0.181270535095258, -0.151587693139192, 1.16827298805761;
 0, 0, 0, 1]

[0.1861644997913775, 0.1895496123756482, -0.9640610579551835, 15.08076159777732;
 -0.1427804868906359, -0.965578820877422, -0.217419578778546, 4.677892459797176;
 -0.9720887364745562, 0.1781249143753027, -0.1526925122528672, 1.189938195682513;
 0, 0, 0, 1]

[0.1960380569685397, 0.1707487387682288, -0.9656158389489365, 14.95255684273404;
 -0.1402292461337743, -0.9697207089028352, -0.1999437552256534, 4.728504170908848;
 -0.9705178199027326, 0.1746041664280718, -0.1661581966597054, 1.351351918494715;
 0, 0, 0, 1]

[0.1861344776403452, 0.1907383953637821, -0.9638323613407083, 15.07388560535012;
 -0.1439873550765882, -0.9650890692714209, -0.2187938069298833, 4.65310404259772;
 -0.971916456189319, 0.1795047434105073, -0.1521724327252589, 1.171422837093654;
 0, 0, 0, 1]

[0.1879865895382651, 0.1847873503188471, -0.9646318869475087, 15.10778082492825;
 -0.1408983522388967, -0.9669095622565809, -0.2126818110538629, 4.729046988069593;
 -0.9720127038728122, 0.1758963717048391, -0.1557297978260344, 1.210943216994715;
 0, 0, 0, 1]

[0.1864855766016632, 0.1876690406784288, -0.9643668704857002, 15.09767168153224;
 -0.1416265768257379, -0.9661983736946488, -0.2154126630596241, 4.691343026737899;
 -0.9721959897346668, 0.1767513333490132, -0.1536031370225799, 1.196342750202278;
 0, 0, 0, 1]

[0.1858055335822669, 0.1896306921072073, -0.9641143626671841, 15.0844449184915;
 -0.1424433766331377, -0.9656370507539984, -0.2173820845066815, 4.672474342339952;
 -0.9722068648922199, 0.1777224994818087, -0.1524090713651238, 1.196643885603066;
 0, 0, 0, 1]

[0.185558066605398, 0.1871720414950622, -0.9646423330956597, 15.09259036414437;
 -0.1426325474676527, -0.9661636759992622, -0.2149039496670093, 4.694510759167994;
 -0.9722263935527335, 0.177466554770648, -0.1525826386496253, 1.20438369263963;
 0, 0, 0, 1]

[0.1859787808487893, 0.1925329263168656, -0.9635055606263322, 15.09767712511678;
 -0.1426957121385132, -0.9649245501182422, -0.2203600379297263, 4.672161534067918;
 -0.972136732569694, 0.1784704033249553, -0.1519818684111598, 1.178817343225991;
 0, 0, 0, 1]

[0.1868320059959807, 0.1875215275896091, -0.9643285115695677, 15.07098969474569;
 -0.1428256864627231, -0.9659984082236193, -0.2155177454315207, 4.685256806877998;
 -0.9719540240268416, 0.1779964943472016, -0.1536965294928183, 1.204777539922577;
 0, 0, 0, 1]

[0.1856654461859049, 0.1881610882212834, -0.9644292337812925, 15.09438046706395;
 -0.1429089551815692, -0.9658878664148346, -0.2159575422195548, 4.679148059443084;
 -0.9721653010787317, 0.1779214275796509, -0.1524420971599314, 1.19278690462164;
 0, 0, 0, 1]

[0.1861644997913775, 0.1895496123756482, -0.9640610579551835, 15.08076159777732;
 -0.1427804868906359, -0.965578820877422, -0.217419578778546, 4.677892459797176;
 -0.9720887364745562, 0.1781249143753027, -0.1526925122528672, 1.189938195682513;
 0, 0, 0, 1]

[0.1855693896562618, 0.188816880110834, -0.9643195463163722, 15.07400058973058;
 -0.1430978866388349, -0.9657101260814537, -0.2166262847007305, 4.678646451895089;
 -0.9721558498831872, 0.178191296557811, -0.152186942176208, 1.201480937209156;
 0, 0, 0, 1]

[0.1861644997913775, 0.1895496123756482, -0.9640610579551835, 15.08076159777732;
 -0.1427804868906359, -0.965578820877422, -0.217419578778546, 4.677892459797176;
 -0.9720887364745562, 0.1781249143753027, -0.1526925122528672, 1.189938195682513;
 0, 0, 0, 1]

[0.1859312020920182, 0.1923523537323578, -0.9635508082619403, 15.09069247755401;
 -0.14232337928917, -0.9650360926949765, -0.2201122338801815, 4.652546168815198;
 -0.9722004133903296, 0.1780615393891521, -0.1520540837795468, 1.16683886766248;
 0, 0, 0, 1]

[0.1861887107026193, 0.1912530873656396, -0.963719886989994, 15.08521154663032;
 -0.1423833504486612, -0.9652648612729199, -0.2190678641580831, 4.673551899539809;
 -0.9721423483841806, 0.1780056295876106, -0.1524901646441778, 1.171922829599525;
 0, 0, 0, 1]

[0.1856812021171216, 0.1886108015457615, -0.964338351783546, 15.07365773369862;
 -0.1428202223425066, -0.9658026506636349, -0.2163969132430817, 4.676140752289832;
 -0.9721753315479558, 0.1779078568005423, -0.1523939605701622, 1.186115078225764;
 0, 0, 0, 1]

[0.1866546891734641, 0.1892833405134768, -0.9640185911141009, 15.08574068532742;
 -0.1421858924123645, -0.9657274139696816, -0.2171491052395349, 4.692598714981972;
 -0.9720818890445683, 0.1776017424224501, -0.1533441295911026, 1.190087944548724;
 0, 0, 0, 1]

[0.1860004608318542, 0.186734922771494, -0.9646418491791974, 15.09056276228698;
 -0.1416666408580537, -0.9664188663578532, -0.2143948171379078, 4.689558202857065;
 -0.972283081945959, 0.1765351051919302, -0.1533002452592337, 1.192451243318602;
 0, 0, 0, 1]

[0.1865909183019064, 0.1886609228699005, -0.9641529367217261, 15.09947272072674;
 -0.1419037771999938, -0.9659214887003628, -0.2164693874044304, 4.675949425096364;
 -0.9721353543738782, 0.1772081652993233, -0.1534604800188695, 1.184728679337458;
 0, 0, 0, 1]

[0.1860592166176729, 0.1885553933397927, -0.9642763253103824, 15.07897314251263;
 -0.1425038871520783, -0.965857422606884, -0.2163609977369648, 4.69329784804652;
 -0.9721494792768065, 0.1776690823910092, -0.1528367989201916, 1.201574022954351;
 0, 0, 0, 1]

[0.1863532711528426, 0.1878586955900159, -0.9643555199312404, 15.08900621601633;
 -0.1425591220434779, -0.9659913732475345, -0.2157256673034885, 4.682048907995958;
 -0.9720850554621381, 0.1776788600328141, -0.1532346815985589, 1.189485236344977;
 0, 0, 0, 1]

[0.188104448116348, 0.1828759316978454, -0.964973113721045, 15.06522730813664;
 -0.1426361207755632, -0.9670088068584947, -0.2110661140690507, 4.68311375337705;
 -0.9717364116101356, 0.1773424964969072, -0.1558139444571681, 1.228852733540263;
 0, 0, 0, 1]

[0.1844162685761993, 0.1798867906059632, -0.9662460258391322, 15.09355429399568;
 -0.144820331913051, -0.9674038010694926, -0.2077425260770918, 4.583920791022772;
 -0.9721202144534514, 0.1782431716554208, -0.152353734477339, 1.189153241212276;
 0, 0, 0, 1]

[0.1843863386332504, 0.1872427193075299, -0.964853274955185, 15.11475796217277;
 -0.1406139971463908, -0.9665612486753624, -0.2144459287690931, 4.642717676355104;
 -0.9727432250763504, 0.175212775291774, -0.1518917425096411, 1.185172192603987;
 0, 0, 0, 1]

[0.1924476179354152, 0.2101070761262778, -0.9585504321175027, 15.18060635489678;
 -0.1007669894195135, -0.9674148742249469, -0.2322810258537229, 4.950581712863347;
 -0.9761198329069605, 0.141292171368398, -0.1650048305828985, 1.314914024621192;
 0, 0, 0, 1]

[0.1993797475964071, 0.232673134184642, -0.951898591698238, 15.25400019111323;
 -0.03962530132627844, -0.9686932549443681, -0.2450779739594874, 5.188861872044593;
 -0.9791208054899022, 0.08658285311758422, -0.1839180736165541, 1.573906774775748;
 0, 0, 0, 1]

[0.202654610087879, 0.2611935145769174, -0.9437738378197861, 15.1280524459439;
 0.01893513451417128, -0.9646368440968521, -0.2629015399190271, 5.147649351051498;
 -0.9790671936547871, 0.03540772449372001, -0.2004338378495925, 1.91827236021851;
 0, 0, 0, 1]

[0.1918188649577125, 0.3514011846270374, -0.9163638635875215, 15.34541336139795;
 0.09779270734487625, -0.9358991484917812, -0.3384218820385559, 4.73042731688881;
 -0.9765460098922603, -0.02469800184374599, -0.2138875855874576, 2.017742719089116;
 0, 0, 0, 1]

[0.2012811539922765, 0.3928330014025885, -0.8973116125720046, 15.22745803851902;
 0.1610445414784833, -0.9168660242465572, -0.365268872534051, 4.47873778811952;
 -0.9662041982456517, -0.07098539702886539, -0.2478114620051538, 2.163139585362298;
 0, 0, 0, 1]

[0.2026666498977914, 0.4266765201186565, -0.8814042070461428, 15.1529999512113;
 0.2126606060762807, -0.8977789949927968, -0.3857049944880058, 4.418870174831948;
 -0.9558774480248369, -0.1092704137868861, -0.2726871486307482, 2.257726557292461;
 0, 0, 0, 1]

[0.1987433978052866, 0.4374189443556963, -0.8770209398569443, 15.12023107243581;
 0.2386263282092159, -0.8895389765004826, -0.3895868128823939, 4.274617452521898;
 -0.9505569616357544, -0.1318524797082788, -0.281169675250694, 2.309116116855795;
 0, 0, 0, 1]

[0.1999178619223286, 0.444994646230539, -0.8729333384116806, 15.05968481634596;
 0.2546139437772704, -0.8839063578556299, -0.392277057927914, 4.229877608527268;
 -0.9461525184232134, -0.1438378092455266, -0.2900105110385796, 2.363341707443836;
 0, 0, 0, 1]

[0.1933963425992703, 0.44485195912689, -0.8744738927664985, 15.07183651516798;
 0.263748013399665, -0.8820644489869082, -0.3903835207346132, 4.122578674777808;
 -0.9450052063861637, -0.155142006865935, -0.287916858847575, 2.374712745557866;
 0, 0, 0, 1]

[0.1933759302804784, 0.4487890360833506, -0.8724644122710888, 15.06884617221628;
 0.2705300710641061, -0.8791664058186449, -0.3922753006881461, 4.07812068561663;
 -0.9430902556161892, -0.1601712582559767, -0.2914205514209456, 2.388497615368439;
 0, 0, 0, 1]

[0.1910793863585215, 0.3683599071277048, -0.909834955873712, 14.93148244323921;
 0.3019171976290159, -0.9040336744214146, -0.3026039016403415, 4.695424043379494;
 -0.9339885833802748, -0.2168734523471797, -0.2839563906347646, 2.898734966537803;
 0, 0, 0, 1]

[0.1879938141952594, 0.3752779695874102, -0.9076479335990741, 14.94468774970976;
 0.307261129017242, -0.9002109534124034, -0.3085625349121009, 4.631391629112407;
 -0.932871333260578, -0.2208770809719345, -0.2845424233430743, 2.867015833091378;
 0, 0, 0, 1]

[0.1797706943345584, 0.3739086535004043, -0.9098762642777236, 14.94502891512521;
 0.3116438621274887, -0.8989492831237232, -0.3078445867148014, 4.545547163775021;
 -0.9330383704096707, -0.2282159179567864, -0.2781310736584598, 2.76412698493152;
 0, 0, 0, 1]

[0.1803425143354908, 0.3818216110508666, -0.9064705372253827, 14.91424362163995;
 0.3170998403842128, -0.8949453073216879, -0.3138798944360671, 4.529476252521343;
 -0.9310876804852806, -0.2308357733052017, -0.2824722588346145, 2.739336738408906;
 0, 0, 0, 1]

[0.1823449325408808, 0.3862423318392181, -0.9041942195524505, 14.8931677985087;
 0.3171752815435436, -0.8935570677742578, -0.3177351214588095, 4.523228688498731;
 -0.9306718897411889, -0.2288506668683181, -0.2854421235898631, 2.796936548403732;
 0, 0, 0, 1]

[0.1841940829189821, 0.3843871060729718, -0.904609911786556, 14.89690006232318;
 0.3154991785047848, -0.8947763677694713, -0.3159675933447569, 4.562226404536001;
 -0.9308774399352691, -0.2272043229476889, -0.2860863286727302, 2.801354215676652;
 0, 0, 0, 1]

[0.1817963423080068, 0.3824079481168107, -0.905932807188547, 14.91055148692959;
 0.3150620888886743, -0.8953684341495898, -0.3147240811784456, 4.54768692141008;
 -0.9314966291235495, -0.2282093958311147, -0.2832569532877566, 2.784606049248726;
 0, 0, 0, 1]

[0.1860195828326463, 0.3798556199357272, -0.9061492276694897, 14.96883248766458;
 0.3098289612357475, -0.8978715614447007, -0.312782150910874, 4.615964900107247;
 -0.9324176797885945, -0.2225676687034742, -0.2847119654414871, 2.849776967436743;
 0, 0, 0, 1]

[0.1916148462479168, 0.4322826445860206, -0.8811444069430977, 15.21232377119654;
 0.2335678727788523, -0.8920717196369841, -0.3868515165143805, 4.247162049971761;
 -0.9532732029711887, -0.1316805308830063, -0.2719015231355288, 2.259908801539237;
 0, 0, 0, 1]

[0.1969044576101984, 0.4141407403848485, -0.8886597108717843, 15.25304025964009;
 0.1990836159566506, -0.904410438210015, -0.3773691470091236, 4.404067486156958;
 -0.9599970564698929, -0.1026119213846919, -0.2605310829035246, 2.207472702101277;
 0, 0, 0, 1]

[0.2035796204259336, 0.4213232162647873, -0.8837658545019313, 15.18704096264461;
 0.2063695184868898, -0.9008549103639444, -0.3819319995924131, 4.42236032888838;
 -0.9570616281027691, -0.1046287623431771, -0.2703439699786413, 2.275257247674374;
 0, 0, 0, 1]

[0.1984049563843661, 0.408165532255895, -0.8910871851622487, 15.23050766830779;
 0.1795740118420348, -0.9089096545909967, -0.3763461359735631, 4.512706051815499;
 -0.963529266578382, -0.08534716204735154, -0.2536281024992866, 2.198611771385558;
 0, 0, 0, 1]

[0.2009337727468874, 0.3614256664732964, -0.9104927822800327, 15.15159333357237;
 0.1113999359672922, -0.9318501819846063, -0.3453191170522409, 4.909054892729188;
 -0.9732500568898955, -0.03204256465374652, -0.2275029688031021, 2.154235221684637;
 0, 0, 0, 1]

[0.2032487360461978, 0.2754469359123314, -0.9395844489944112, 15.02560974004468;
 0.01819162094899954, -0.9605110349479753, -0.2776465679067855, 5.508443414931525;
 -0.9789581279211441, 0.03933874984893805, -0.2002334800612816, 1.919943843884675;
 0, 0, 0, 1]

[0.1944723585302747, 0.2596943883487914, -0.94590661612435, 15.18790651387385;
 -0.01927555581848685, -0.9631194161054978, -0.268383015983675, 5.524311667327924;
 -0.9807185909910955, 0.07042595388599475, -0.1822943507179731, 1.650646098260006;
 0, 0, 0, 1]

[0.195859899657425, 0.2383861275342202, -0.9512155139112387, 15.10165364246573;
 -0.07917960808370317, -0.9629911007517374, -0.2576406985254234, 5.421373288397008;
 -0.9774300432102007, 0.1257783529554884, -0.1697360202134771, 1.405011691451066;
 0, 0, 0, 1]

[0.167892271831475, 0.2487689559793851, -0.9539005145193041, 14.84567155204567;
 -0.1383758890839876, -0.9521084467105356, -0.2726565954138412, 5.453793636738556;
 -0.9760452337773503, 0.1777737670281471, -0.1254280246880257, 1.024407331656019;
 0, 0, 0, 1]

[0.1783184842902883, 0.3328072794274354, -0.9259815510692011, 14.74915842458739;
 -0.2514663692074562, -0.8944002879754224, -0.3698821299104634, 4.814043708904311;
 -0.9512976313005483, 0.2988100393721579, -0.07579826549714586, 1.041059654982604;
 0, 0, 0, 1]

[0.1773716578192763, 0.3302039217238962, -0.9270947443927189, 14.75160175763555;
 -0.2521006223821511, -0.8953547639138829, -0.3671309343153299, 4.706955707574742;
 -0.9513067702886244, 0.2988397845248755, -0.07556594463217081, 1.031923598120457;
 0, 0, 0, 1]

[0.1826720346031931, 0.3251083022068272, -0.9278661108210194, 14.78200105492626;
 -0.2471170794248047, -0.898266358780336, -0.3633878062622237, 4.648836841948283;
 -0.9516113055394438, 0.2956723533232538, -0.08374832923589781, 1.102922031911127;
 0, 0, 0, 1]

[0.1874411653523926, 0.3234741415129372, -0.9274860049099426, 14.84330474147529;
 -0.2417081624247785, -0.8999997972166459, -0.3627361702770115, 4.696236994467539;
 -0.9520729876162725, 0.292172628393668, -0.0905106704701798, 1.181565908493545;
 0, 0, 0, 1]

[0.1843375029429408, 0.3235358134044497, -0.928086344287794, 14.85112157962484;
 -0.2422347813696595, -0.9001857823257352, -0.3619224612999271, 4.669961691661417;
 -0.9525450098045518, 0.2915306754757122, -0.08756637227338249, 1.19482491520471;
 0, 0, 0, 1]

[0.1847751562175023, 0.3261582458107455, -0.9270808704392807, 14.90652709182572;
 -0.2394357842215955, -0.8999600171351402, -0.3643384042237485, 4.651915071500995;
 -0.9531676908493, 0.2892970208069474, -0.08819629738961621, 1.208164445380612;
 0, 0, 0, 1]

[0.1825385635319269, 0.3312717839448013, -0.9257098238572006, 14.90554784478469;
 -0.2366187898181828, -0.8990546974470403, -0.3683913670315707, 4.615800081533739;
 -0.9543014309581008, 0.2862859691993998, -0.0857270243906848, 1.242027521258658;
 0, 0, 0, 1]

[0.1725061075290034, 0.2557711734161173, -0.9512217142782927, 14.66885411563672;
 -0.1964327716838077, -0.9373687895801225, -0.2876698081650438, 5.219466669330016;
 -0.965223191326135, 0.2364759166816749, -0.111460000698693, 0.8724749151501455;
 0, 0, 0, 1]

[0.1741342909573037, 0.2523918121433003, -0.951827516872578, 14.66071571977883;
 -0.1895015086517131, -0.9399389998061866, -0.2839081803366545, 5.25377618465054;
 -0.9663159043146923, 0.2298109001034692, -0.1158469821018726, 0.9017276818792316;
 0, 0, 0, 1]

[0.1775851162045871, 0.2505089244646024, -0.9516873463833549, 14.68273826408216;
 -0.1838774439691585, -0.941580950089806, -0.2821602382111044, 5.283935063551449;
 -0.9667743335970255, 0.2251012954017954, -0.1211478217157093, 0.9476356545564112;
 0, 0, 0, 1]

[0.1840732494548535, 0.2440841169263493, -0.9521239324265597, 14.70404749473253;
 -0.1763219754355943, -0.9447629477157929, -0.2762852395656626, 5.308279980667033;
 -0.9669682517092385, 0.2187370944482215, -0.1308681920816853, 1.026194220631732;
 0, 0, 0, 1]

[0.18972344214286, 0.2203541660190274, -0.956791020557532, 14.78853081589903;
 -0.1729976908066855, -0.9517415517872835, -0.2534952022762721, 5.076994519437339;
 -0.9664764945289767, 0.21361661948358, -0.1424469213545462, 1.128672511945337;
 0, 0, 0, 1]

[0.1927538128194464, 0.2165199755177501, -0.9570606395863107, 14.79408884645554;
 -0.1712452653346117, -0.9529607907548541, -0.2500815674622216, 5.116191254675688;
 -0.9661889187648779, 0.2120962788114778, -0.1466088052276524, 1.155428958924406;
 0, 0, 0, 1]

[0.1920811211771085, 0.2190234859998828, -0.9566261314995549, 14.77686130923473;
 -0.1704580491285685, -0.9525148198933632, -0.2523084845398511, 5.124263372251509;
 -0.966462051181849, 0.2115283207137354, -0.1456257984060508, 1.139375105543104;
 0, 0, 0, 1]

[0.1920522667511334, 0.2229813295201244, -0.9557171409581339, 14.79640435412425;
 -0.1656478529257315, -0.9525074999151487, -0.2555195715135891, 5.145057712013313;
 -0.9673038383345985, 0.2073856053124966, -0.1459948459786257, 1.165073542502526;
 0, 0, 0, 1]

[0.1939074230923311, 0.2215046570931732, -0.9556859307093137, 14.80267310288473;
 -0.1647176826523215, -0.9529945674369531, -0.2543018667986996, 5.134369439296647;
 -0.9670925479453043, 0.2067293915283703, -0.1483069869796058, 1.165728038464301;
 0, 0, 0, 1]

[0.1927436510943605, 0.2183213208567227, -0.9566533780958448, 14.83458504712382;
 -0.1633679343772964, -0.9541874761904655, -0.2506734495285954, 5.124604046994432;
 -0.9675540310391513, 0.2046022021891402, -0.1482468747705775, 1.17453423395067;
 0, 0, 0, 1]

[0.1945686116349535, 0.2211183708476424, -0.9556410002925424, 14.80111578109574;
 -0.1617785003981815, -0.9536838619461384, -0.2536036440440366, 5.135226060326588;
 -0.9674558244051055, 0.2039454768735587, -0.1497847465113001, 1.186530440917067;
 0, 0, 0, 1]

[0.1940928451877709, 0.2162043312697242, -0.956861355990055, 14.81260388995629;
 -0.163873826010362, -0.9545584685579794, -0.248924685905136, 5.092225395689189;
 -0.9671987058488245, 0.2051190318923534, -0.1498427380953188, 1.18545581268737;
 0, 0, 0, 1]

[0.1940972045175128, 0.2149468314924335, -0.9571437378104974, 14.8102964980756;
 -0.1632821780771702, -0.9550096609045794, -0.2475792356020503, 5.105943418351597;
 -0.9672978887193242, 0.2043389517695626, -0.1502677186519256, 1.182241956772251;
 0, 0, 0, 1]

[0.19372661448156, 0.2178273880921731, -0.9565674193900053, 14.82977688993369;
 -0.1607452913689091, -0.9548139207733671, -0.2499826553985587, 5.130444805690326;
 -0.9677969570856466, 0.2021920020533252, -0.1499581413642844, 1.189193845018167;
 0, 0, 0, 1]

[0.1944491471332677, 0.2148215594921552, -0.9571004266828551, 14.84068507677383;
 -0.1593019506302072, -0.9558556179044725, -0.2469067156759207, 5.142507057637704;
 -0.9678907054541623, 0.2004787652042414, -0.1516438162195436, 1.221588389087164;
 0, 0, 0, 1]

[0.1981253583070189, 0.2129104926626656, -0.9567734656175704, 14.8351386774707;
 -0.1505628727195625, -0.9579280335638399, -0.2443454600989091, 5.224112572667901;
 -0.9685438367746437, 0.1924655933580227, -0.1577334194747457, 1.277791336358292;
 0, 0, 0, 1]

[0.2047061442796173, 0.2202710098358279, -0.9537169793602698, 14.89712029203306;
 -0.1260817958427974, -0.9602995787011926, -0.2488535712087876, 5.382718127986735;
 -0.9706692409112527, 0.1711882045358751, -0.1688070596170543, 1.36015760356131;
 0, 0, 0, 1]

[0.2045881631489451, 0.2204739197191724, -0.9536954095637683, 14.97327518801007;
 -0.108960407934075, -0.9631191149523584, -0.2460268276351706, 5.382900027129724;
 -0.9727647778379828, 0.1542492176221648, -0.1730198423903158, 1.408463787885428;
 0, 0, 0, 1]

[0.2090447955050145, 0.2411101179012662, -0.9477162995949283, 15.12432346784829;
 -0.04448377795689441, -0.9657803943973512, -0.2555179510257123, 5.439802373000012;
 -0.9768937848972877, 0.09557269925734081, -0.1911658761016662, 1.629975966115361;
 0, 0, 0, 1]

[0.19689467218031, 0.2981062593941435, -0.9340048962275521, 15.24397731610956;
 0.03993230688527519, -0.95430129475487, -0.2961662534726042, 5.142160449224496;
 -0.9796110957588368, 0.02101658723985073, -0.1998009112265535, 1.897685170823263;
 0, 0, 0, 1]

[0.1878359954329683, 0.3521828441436914, -0.9168886972313305, 15.33199145863519;
 0.09292392962577614, -0.935689550084803, -0.3403677557657346, 4.819577084422749;
 -0.9777948568706064, -0.02126758455865152, -0.2084823918810194, 1.963948664716418;
 0, 0, 0, 1]

[0.1822794301423231, 0.3850243784440607, -0.9047267197064284, 15.4176290822967;
 0.1380895390974138, -0.9210468807370567, -0.3641482152591193, 4.572723318161676;
 -0.9735016633467317, -0.05855656656859951, -0.2210557395157239, 2.015695210100949;
 0, 0, 0, 1]

[0.1925103431246697, 0.3994831949205488, -0.8962995842719625, 15.25851234459442;
 0.1720528382673113, -0.9129764183306867, -0.3699619986109834, 4.458181730351527;
 -0.9660939854042072, -0.08298937611611332, -0.2444896210837463, 2.117495568901707;
 0, 0, 0, 1]

[0.1935349067421026, 0.4100458791462924, -0.8912949101545851, 15.25290356501274;
 0.1913646358425322, -0.9067991528861243, -0.3756259741735953, 4.413771398706978;
 -0.9622493523100863, -0.09786558802843637, -0.253965569829195, 2.158367160383695;
 0, 0, 0, 1]

[0.1912060694214007, 0.4222768024999875, -0.8860714085708919, 15.22427190816692;
 0.2190953682035018, -0.8983120439391418, -0.3808315787138107, 4.264536960133628;
 -0.9567849594596426, -0.1213168322380204, -0.2642816065630404, 2.185352969734706;
 0, 0, 0, 1]

[0.1848910644738921, 0.4216140847230217, -0.8877256658680539, 15.22287450860769;
 0.2333878571053195, -0.896294874916539, -0.3770750659406329, 4.146002191388723;
 -0.9546441234478416, -0.1374665805260113, -0.2641165212647396, 2.162603115238128;
 0, 0, 0, 1]

[0.1842473381665727, 0.4269051840685242, -0.8853275564410903, 15.19160117442057;
 0.2424804139181554, -0.8926498921064827, -0.3799729187565409, 4.113973875246503;
 -0.9524999565588508, -0.1446655934827086, -0.26798451227204, 2.20086678352336;
 0, 0, 0, 1]

[0.1896460840440963, 0.4358242041705829, -0.8798247699774184, 15.12279314565883;
 0.2546605970754569, -0.8872548061753343, -0.3846126482786828, 4.169595230298666;
 -0.9482522571045697, -0.1511164186243443, -0.2792516515944726, 2.259281279449155;
 0, 0, 0, 1]

[0.190133492614827, 0.4439307544532729, -0.8756567479535777, 15.07375058545979;
 0.2633032389656403, -0.8823088132319313, -0.3901314681533185, 4.121055408889668;
 -0.9457910230787192, -0.1563861993393557, -0.2846448617486372, 2.342624889294251;
 0, 0, 0, 1]

[0.1905691099395408, 0.4440223436371303, -0.8755156039088291, 15.07051201580251;
 0.2657535277010062, -0.8818923223515824, -0.3894110865034571, 4.166870069837606;
 -0.9450177124537519, -0.1584616361404949, -0.2860619391326912, 2.333932943126457;
 0, 0, 0, 1]

[0.1903626645924984, 0.3723653856229466, -0.9083534970038474, 14.93415457606396;
 0.3026723955226547, -0.9024608023237285, -0.3065190389809252, 4.759340893438829;
 -0.9338905058505638, -0.2165837479107942, -0.2844995662968429, 2.897135327764979;
 0, 0, 0, 1]

[0.1903392953325418, 0.3753303596025994, -0.9071372960103091, 14.94212385661222;
 0.3046171182472752, -0.9010017671426869, -0.3088757466627656, 4.729783680107102;
 -0.9332627518137845, -0.2175383570001824, -0.2858280939841708, 2.893069509189847;
 0, 0, 0, 1]

[0.1907735709446587, 0.3788840619244747, -0.9055673979603251, 14.92968700787913;
 0.3063508607557434, -0.899415079709544, -0.3117718148025727, 4.699974460793682;
 -0.9326063450048141, -0.2179435294077008, -0.2876560850148601, 2.906724804306833;
 0, 0, 0, 1]

[0.1885188939636564, 0.3767511580419971, -0.9069284379336295, 14.9443669997897;
 0.3057550477607558, -0.9001055050748847, -0.310360968072186, 4.725801458811889;
 -0.9332601338252573, -0.2187890414255263, -0.284880462588367, 2.879487144288849;
 0, 0, 0, 1]

[0.1857670676400225, 0.3704117103429733, -0.9101020609916342, 14.93958987159497;
 0.3042470245081842, -0.9023883945308598, -0.3051703352128669, 4.73604520542002;
 -0.9343042034896041, -0.2202052457522537, -0.2803307066392228, 2.832884690183365;
 0, 0, 0, 1]

[0.1862044044518251, 0.3764177536558249, -0.9075448167971891, 14.95953839100972;
 0.305682917600597, -0.9000505607088544, -0.3105912781371418, 4.702401509437364;
 -0.933748292448199, -0.2195874834784065, -0.2826578558074989, 2.875203914323572;
 0, 0, 0, 1]

[0.1868360842302714, 0.3692431571558656, -0.9103580441359693, 14.96047511399163;
 0.3019031429688305, -0.9034130824945635, -0.3044655886027399, 4.765746361638206;
 -0.9348512020075925, -0.2179547963942057, -0.2802658324407733, 2.859389632453352;
 0, 0, 0, 1]

[0.1863869318840909, 0.4430331296595963, -0.8769159353363687, 15.09626524742407;
 0.2663047635089475, -0.8819246571810958, -0.3889610160266068, 4.156037351419128;
 -0.9456964018940108, -0.1610296403772612, -0.282361063825541, 2.323347877141073;
 0, 0, 0, 1]

[0.1848700465247366, 0.4366408211874975, -0.8804361755236151, 15.13244260536394;
 0.2567518855129974, -0.8862232738546568, -0.3855992455436792, 4.148111137707711;
 -0.9486314011160831, -0.1547678976759772, -0.2759444920006479, 2.267331139388013;
 0, 0, 0, 1]

[0.1789014491839058, 0.4193385036212933, -0.8900278034199568, 15.25670690024319;
 0.2314518726654795, -0.8971720793190948, -0.3761811940141274, 4.191171341721804;
 -0.9562553540344448, -0.1386992410610328, -0.2575620671014122, 2.125609166940471;
 0, 0, 0, 1]

[0.1778285201619783, 0.4015334905612365, -0.8984140879208818, 15.36409060611475;
 0.1922676066004468, -0.9095470822098431, -0.3684525379145821, 4.327535826169375;
 -0.9650959459396441, -0.1072145568533961, -0.2389452948471538, 2.032051007044573;
 0, 0, 0, 1]

[0.1876136026125163, 0.3839795174053607, -0.904080121630765, 15.28775117665837;
 0.1452267483078477, -0.9211520199691992, -0.3610929903537221, 4.584409583897263;
 -0.9714475424286593, -0.06355065947581107, -0.2285847457498151, 2.087754659190912;
 0, 0, 0, 1]

[0.184402079521503, 0.3437712703987397, -0.920769888037495, 15.3356506751658;
 0.07865395091044242, -0.9389926770984973, -0.3348228014361846, 4.997992764242645;
 -0.9796986419681935, -0.01068016871746685, -0.2001911709387896, 1.940045367633161;
 0, 0, 0, 1]

[0.186596373781034, 0.2915265763303044, -0.9381865745068515, 15.23046656605411;
 0.02445445489767528, -0.9560412081953141, -0.2922108619954118, 5.382254911019271;
 -0.9821322583682029, 0.03158264595589172, -0.1855229461468271, 1.790955711352354;
 0, 0, 0, 1]

[0.1888991388439951, 0.2637079955717845, -0.9459255829162824, 15.22326157909502;
 -0.01251707308254812, -0.9625429223989966, -0.2708402581246837, 5.456348422621867;
 -0.981916716542418, 0.06300171117605315, -0.1785226768885287, 1.635659452845578;
 0, 0, 0, 1]

[0.1883467623932447, 0.2469143178525881, -0.9505571086133512, 15.20297054928256;
 -0.03721962595726822, -0.9653897592679839, -0.2581420386998314, 5.40521673098544;
 -0.9813970636493591, 0.08399959726031617, -0.1726379770517509, 1.536582881171676;
 0, 0, 0, 1]

[0.1887889137229389, 0.2404807416879581, -0.9521175131949429, 15.21258568559795;
 -0.06085014532927674, -0.964824466980105, -0.2557557579605238, 5.368759364996313;
 -0.9801306065360467, 0.106220340772216, -0.167514874973883, 1.416208464087372;
 0, 0, 0, 1]

