[-0.9651176560475588, 0.2521917753317158, -0.07033646593555332, -3.330716768845626;
 -0.258758766655758, -0.9597195707847074, 0.109463446554583, 2.751029163474759;
 -0.03989750197765374, 0.1238452821380549, 0.9914991353642668, 11.41265328730528;
 0, 0, 0, 1]

[-0.9651985853127321, 0.2509756213336972, -0.07350461486508976, -3.29607491537251;
 -0.2579839846162585, -0.9598228593286717, 0.1103827087530057, 2.728912171949037;
 -0.04284804069988109, 0.1255042477619678, 0.9911673568080639, 11.44397043822957;
 0, 0, 0, 1]

[-0.965049978632719, 0.2514986699874707, -0.07366788808919297, -3.293783060263389;
 -0.2585401246570136, -0.9596321001425123, 0.1107394975535238, 2.721576750390992;
 -0.04284323381030382, 0.1259152547176251, 0.9911154352274355, 11.41421310208688;
 0, 0, 0, 1]

[-0.9650866629170957, 0.2515781761291055, -0.07291196304514748, -3.316724067320541;
 -0.258455185907861, -0.9598389823819857, 0.1091331515958697, 2.742645471738875;
 -0.04252822517901721, 0.1241674240510241, 0.9913494847265801, 11.44797207944805;
 0, 0, 0, 1]

[-0.9650482971533065, 0.2513943049102542, -0.07404517283519159, -3.3124233951646;
 -0.2585338076828879, -0.9595009217424866, 0.1118849921138042, 2.734300687920439;
 -0.04291916176360897, 0.1271176015900575, 0.9909586575228558, 11.40180165800039;
 0, 0, 0, 1]

[-0.9651482074179472, 0.2517446638221328, -0.07150917392198475, -3.332118388021423;
 -0.2585099467359117, -0.9596477965701923, 0.1106739082917516, 2.737331092061499;
 -0.04076205535199875, 0.1253025569374236, 0.9912808502480127, 11.42929544209594;
 0, 0, 0, 1]

[-0.9651985853127321, 0.2509756213336972, -0.07350461486508976, -3.29607491537251;
 -0.2579839846162585, -0.9598228593286717, 0.1103827087530057, 2.728912171949037;
 -0.04284804069988109, 0.1255042477619678, 0.9911673568080639, 11.44397043822957;
 0, 0, 0, 1]

[-0.9649754680192836, 0.2510582750839608, -0.07610577266430568, -3.281734867971236;
 -0.2584315372829596, -0.959609137380057, 0.1111910247918833, 2.734328599351819;
 -0.04511636796696895, 0.1269647430138353, 0.9908806524364583, 11.46846746292744;
 0, 0, 0, 1]

[-0.9650350316519565, 0.2518903783587028, -0.0725163772869062, -3.306815253336592;
 -0.2586092823190126, -0.960078824295967, 0.1066296874088959, 2.744408338405471;
 -0.04276244594211866, 0.1216547920502237, 0.99165088856324, 11.41277218010364;
 0, 0, 0, 1]

[-0.9653043164065707, 0.2491490862707778, -0.07818126078082846, -3.301997313262103;
 -0.2569897842869988, -0.9595172551277755, 0.1152514116363922, 2.673789043023503;
 -0.04630148484622493, 0.1313444704679106, 0.9902549179774565, 11.51083736343461;
 0, 0, 0, 1]

[-0.9652603910647111, 0.2511437421967542, -0.07210546579151528, -3.311427560148325;
 -0.2580391272605518, -0.9596304344554313, 0.1119162100389976, 2.723655355513754;
 -0.04108754366245122, 0.1266343161322814, 0.9910981604934473, 11.42533668058294;
 0, 0, 0, 1]

[-0.965049978632719, 0.2514986699874707, -0.07366788808919297, -3.293783060263389;
 -0.2585401246570136, -0.9596321001425123, 0.1107394975535238, 2.721576750390992;
 -0.04284323381030382, 0.1259152547176251, 0.9911154352274355, 11.41421310208688;
 0, 0, 0, 1]

[-0.9651719362446539, 0.2514480497093072, -0.07222888468702472, -3.311827588114529;
 -0.2583025889263867, -0.9597117601981004, 0.1106033900537857, 2.714888542373891;
 -0.04150790333986792, 0.125408196043359, 0.9912365400475704, 11.45466968093362;
 0, 0, 0, 1]

[-0.96501349310593, 0.2516783036058404, -0.07353223522767242, -3.29568245380503;
 -0.258734526561479, -0.9594910079247108, 0.1115053831733251, 2.742849495408552;
 -0.04249003281357465, 0.1266295273848448, 0.9910396358904082, 11.43311307101295;
 0, 0, 0, 1]

[-0.9652603910647111, 0.2511437421967542, -0.07210546579151528, -3.311427560148325;
 -0.2580391272605518, -0.9596304344554313, 0.1119162100389976, 2.723655355513754;
 -0.04108754366245122, 0.1266343161322814, 0.9910981604934473, 11.42533668058294;
 0, 0, 0, 1]

[-0.9650231826698336, 0.2519705507135688, -0.07239543136749664, -3.309521028174425;
 -0.2588582488940724, -0.959520290221657, 0.1109649477647854, 2.707523547864907;
 -0.04150498631826705, 0.1258239016484862, 0.9911839798365752, 11.42484148028485;
 0, 0, 0, 1]

[-0.9654087703784584, 0.2506202967786267, -0.0719400647688492, -3.313711121468928;
 -0.2574827748081284, -0.959821904699742, 0.1115550623488955, 2.731041908369344;
 -0.04109168715762125, 0.1262195630682992, 0.9911508942362852, 11.45515642658669;
 0, 0, 0, 1]

[-0.9651702831820862, 0.251425505100173, -0.0723293843975911, -3.294696822452231;
 -0.2582320815024968, -0.959895652428954, 0.1091628532554941, 2.74271482155542;
 -0.04198233610817165, 0.1240385094763539, 0.9913888902049405, 11.42731759438195;
 0, 0, 0, 1]

[-0.9651183648214012, 0.2522171620808482, -0.07023563936028399, -3.347840231194097;
 -0.2588286309021194, -0.959536522685331, 0.1108936493144568, 2.723332960593591;
 -0.03942437963746679, 0.1252044918716037, 0.9913473425118838, 11.43998038775165;
 0, 0, 0, 1]

[-0.96501349310593, 0.2516783036058404, -0.07353223522767242, -3.29568245380503;
 -0.258734526561479, -0.9594910079247108, 0.1115053831733251, 2.742849495408552;
 -0.04249003281357465, 0.1266295273848448, 0.9910396358904082, 11.43311307101295;
 0, 0, 0, 1]

[-0.9649377362894143, 0.2502931007529343, -0.07904763627169568, -3.306603804859709;
 -0.2581617327156119, -0.959401763347818, 0.1135815840987015, 2.706912110320054;
 -0.04740975475504759, 0.1300062313913412, 0.9903790662940565, 11.52267974213333;
 0, 0, 0, 1]

[-0.965022285227666, 0.2518666066610361, -0.07276813494262702, -3.328208977596731;
 -0.2588501865243762, -0.9593892917768211, 0.1121105158326612, 2.720256875577849;
 -0.04157607425273634, 0.1270251914898171, 0.9910277648868908, 11.41246418884867;
 0, 0, 0, 1]

[-0.9652882320026526, 0.2517854240252488, -0.06944587392796515, -3.342364144664697;
 -0.2584078396967844, -0.9593248120940749, 0.113671866721317, 2.704353370788994;
 -0.03800023079448561, 0.1276714735134419, 0.9910882792720692, 11.41741585731452;
 0, 0, 0, 1]

[-0.9649924298201384, 0.2523157508593989, -0.07159868894109099, -3.326789992262632;
 -0.2590983968699215, -0.9594627770919534, 0.1109017588428311, 2.733958752079542;
 -0.04071401637350518, 0.1255704632596954, 0.9912489231406425, 11.39577877802104;
 0, 0, 0, 1]

[-0.9651985853127321, 0.2509756213336972, -0.07350461486508976, -3.29607491537251;
 -0.2579839846162585, -0.9598228593286717, 0.1103827087530057, 2.728912171949037;
 -0.04284804069988109, 0.1255042477619678, 0.9911673568080639, 11.44397043822957;
 0, 0, 0, 1]

[-0.9652603910647111, 0.2511437421967542, -0.07210546579151528, -3.311427560148325;
 -0.2580391272605518, -0.9596304344554313, 0.1119162100389976, 2.723655355513754;
 -0.04108754366245122, 0.1266343161322814, 0.9910981604934473, 11.42533668058294;
 0, 0, 0, 1]

[-0.9650601432937773, 0.2515190871880174, -0.07346474396539135, -3.284024644114917;
 -0.2586193237803988, -0.959380566415699, 0.1127163437628359, 2.732546068525588;
 -0.04213033578270221, 0.1277774532693427, 0.9909076431448284, 11.47703514446823;
 0, 0, 0, 1]

[-0.965262959775659, 0.2499293333420755, -0.07617576268289081, -3.338135668317189;
 -0.2575127688108097, -0.959346488603767, 0.1155053622262302, 2.6826228579781;
 -0.04421077226790851, 0.1311092793771969, 0.9903816256760156, 11.49611787357786;
 0, 0, 0, 1]

[-0.9647981701020045, 0.251929391026902, -0.07547233204716662, -3.296644191912386;
 -0.2592297176749888, -0.9593611727400356, 0.1114723899134182, 2.75350950791864;
 -0.04432205367499433, 0.127113029134223, 0.9908974888364351, 11.40961505530494;
 0, 0, 0, 1]

[-0.965022285227666, 0.2518666066610361, -0.07276813494262702, -3.328208977596731;
 -0.2588501865243762, -0.9593892917768211, 0.1121105158326612, 2.720256875577849;
 -0.04157607425273634, 0.1270251914898171, 0.9910277648868908, 11.41246418884867;
 0, 0, 0, 1]

[-0.9648375182706561, 0.2521152180992631, -0.07434029956949635, -3.300969041061578;
 -0.2591491437943614, -0.9596990409582732, 0.1087173953625647, 2.761904716797797;
 -0.04393500435837956, 0.124159846917318, 0.9912890838728621, 11.45574149670982;
 0, 0, 0, 1]

[-0.965022285227666, 0.2518666066610361, -0.07276813494262702, -3.328208977596731;
 -0.2588501865243762, -0.9593892917768211, 0.1121105158326612, 2.720256875577849;
 -0.04157607425273634, 0.1270251914898171, 0.9910277648868908, 11.41246418884867;
 0, 0, 0, 1]

[-0.9650866629170957, 0.2515781761291055, -0.07291196304514748, -3.316724067320541;
 -0.258455185907861, -0.9598389823819857, 0.1091331515958697, 2.742645471738875;
 -0.04252822517901721, 0.1241674240510241, 0.9913494847265801, 11.44797207944805;
 0, 0, 0, 1]

[-0.964860045764052, 0.2516434296423313, -0.07563515324263273, -3.284975677603432;
 -0.2588315127659149, -0.9598092275262471, 0.1085011278963358, 2.775860884485886;
 -0.04529172206374545, 0.1242651643595823, 0.9912148247676621, 11.44506198067305;
 0, 0, 0, 1]

[-0.9648375182706561, 0.2521152180992631, -0.07434029956949635, -3.300969041061578;
 -0.2591491437943614, -0.9596990409582732, 0.1087173953625647, 2.761904716797797;
 -0.04393500435837956, 0.124159846917318, 0.9912890838728621, 11.45574149670982;
 0, 0, 0, 1]

[-0.8951327901673818, 0.4425488025059035, -0.0537386766467974, -2.443728055867308;
 -0.4378443614853978, -0.8954194760637647, -0.08072346004190753, -4.865417165725622;
 -0.08384272826311472, -0.04872903945579057, 0.9952868318384978, 11.90747605237588;
 0, 0, 0, 1]

[0.2017169897189323, -0.4676338953412166, -0.8605979293414158, 14.95125254077163;
 -0.4272446569244965, -0.8326681851242818, 0.3523147692210818, 0.1142944677620685;
 -0.8813468438635278, 0.2966179923906083, -0.3677574029193206, 2.923211123893239;
 0, 0, 0, 1]

[0.182280871450483, 0.2687440008060714, -0.9458067170061749, 14.77418192368512;
 -0.0935313838183045, -0.9528209990330057, -0.2887629201313389, 6.081163894127239;
 -0.978787803430491, 0.1410985677903618, -0.1485450437517969, 1.247841962005141;
 0, 0, 0, 1]

[0.1936608979802729, 0.1934500032741255, -0.961806920762538, 15.11361892581754;
 -0.1124220285224573, -0.9695328837996277, -0.2176402415319223, 4.918161549832934;
 -0.9746059429822752, 0.1502766896907785, -0.1660125671122865, 1.321353134888802;
 0, 0, 0, 1]

[0.1910097380539164, 0.1725155030183825, -0.9663093092725994, 14.82017104137626;
 -0.2662832717308398, -0.9384124371775724, -0.2201711083379663, 3.001449018316794;
 -0.9447796034869156, 0.2993668301077512, -0.1333079212437994, 1.386140908876074;
 0, 0, 0, 1]

[0.1833608070153094, 0.2297944217876979, -0.9558103044882659, 15.0308985603126;
 -0.112238229523456, -0.9610431188278196, -0.2525840525194284, 5.249752622339887;
 -0.9766173223346665, 0.1535924720451981, -0.1504259227889617, 1.169954969388485;
 0, 0, 0, 1]

[0.1934362249331126, 0.1749573006706947, -0.9653871605866999, 15.10444088156532;
 -0.1534494999059699, -0.9664670036946812, -0.2058999313939489, 4.475378760524904;
 -0.9690385327025104, 0.1879666824505056, -0.160102618424299, 1.208590726427762;
 0, 0, 0, 1]

[0.1886452438577132, 0.1880440833801116, -0.9638736404091556, 15.05794466354295;
 -0.1518817899856694, -0.964100107400674, -0.2178139223758621, 4.574057176864684;
 -0.9702292996197411, 0.1874844143275454, -0.1533124278838615, 1.14733161989034;
 0, 0, 0, 1]

[0.1874004527073893, 0.1805823764742313, -0.9655418559710315, 15.06542825975911;
 -0.1564073871381789, -0.9649298648320364, -0.2108247736956831, 4.547922123821835;
 -0.9697514112254094, 0.1905265368974809, -0.1525838758328665, 1.180561718345109;
 0, 0, 0, 1]

[0.1858680426283028, 0.187835908279233, -0.9644535977901884, 15.04985028117825;
 -0.1538610278242158, -0.9638848588659297, -0.2173770065252597, 4.596132083551959;
 -0.9704534274484266, 0.1887952605600112, -0.1502547661263309, 1.143721855955935;
 0, 0, 0, 1]

[0.187184782155619, 0.1834999997844909, -0.9650334747605629, 15.0322271413175;
 -0.1548892819900784, -0.964595299014966, -0.2134601120650561, 4.56612023320835;
 -0.9700366836640519, 0.1894298265778655, -0.1521353777026506, 1.15682793479867;
 0, 0, 0, 1]

[0.1866873550646739, 0.1873102824165718, -0.9643975785743039, 15.05335619797651;
 -0.1526137030485119, -0.964209331309184, -0.2168165654605685, 4.608597093360252;
 -0.9704931164623359, 0.187657196817283, -0.1514195739721337, 1.147242498047989;
 0, 0, 0, 1]

[0.1873875315875175, 0.1868740730962745, -0.9643464075787006, 15.03381537680515;
 -0.1544250142181439, -0.9639247235543382, -0.2167995440595268, 4.574706806066718;
 -0.9700715581797371, 0.1895447391121709, -0.1517694431881329, 1.154028901300467;
 0, 0, 0, 1]

[0.1866243273429766, 0.1862231641771321, -0.9646202846548683, 15.06036954846054;
 -0.1536611914879203, -0.9642528994398906, -0.2158809490257933, 4.598932098938927;
 -0.9703399397501346, 0.1885133391715859, -0.1513377754563754, 1.153914895626858;
 0, 0, 0, 1]

[0.1878627157277213, 0.1843416499457341, -0.964741289742846, 15.07593091942154;
 -0.1528750186773372, -0.9647711421147886, -0.2141164916743452, 4.616285826935011;
 -0.9702251433063407, 0.1877093482962704, -0.1530632936349543, 1.164229375558072;
 0, 0, 0, 1]

[0.1861974949120466, 0.1846349819756676, -0.9650079876971605, 15.04179353255724;
 -0.1530152401702279, -0.9647503845635329, -0.2141098590914553, 4.61121739677997;
 -0.9705239972118802, 0.1875276484024697, -0.1513821387103313, 1.161722607379388;
 0, 0, 0, 1]

[0.1867670347289633, 0.1882997612970631, -0.9641894391840325, 15.03197416761548;
 -0.1537091867063838, -0.9637702050137529, -0.2179919215241949, 4.581109594895186;
 -0.9703048802621844, 0.1889184793058048, -0.1510571001845661, 1.150371959831533;
 0, 0, 0, 1]

[0.1867051628303913, 0.1870656729004844, -0.9644416084941416, 15.06418894602523;
 -0.1529390533529539, -0.9642005639981698, -0.2166262180464629, 4.575776016137095;
 -0.970438472100102, 0.1879460199309907, -0.1514115763741989, 1.152169893143388;
 0, 0, 0, 1]

[0.1867641122008847, 0.1866211139127721, -0.9645163172470291, 15.0505375606838;
 -0.1532488009071531, -0.964237730338512, -0.2162415418280093, 4.597160145638194;
 -0.970378262026894, 0.1881971286539491, -0.1514855417261783, 1.153643285814067;
 0, 0, 0, 1]

[0.1873308846680465, 0.1884784907321931, -0.9640451224817239, 15.05713392352252;
 -0.1528835597305787, -0.9638654560808444, -0.2181513230264084, 4.590977462540207;
 -0.970326623778609, 0.1882531303999495, -0.1517465059928098, 1.145699203780246;
 0, 0, 0, 1]

[0.1862832842484946, 0.1868911186402307, -0.96455702153009, 15.04552851987616;
 -0.1538357185370133, -0.9640841234119699, -0.2165095256268749, 4.582549011080768;
 -0.9703778180233698, 0.1887154279818606, -0.1508422272768062, 1.153490324018349;
 0, 0, 0, 1]

[0.1861491651828964, 0.185869582327042, -0.9647802789585207, 15.03470075950066;
 -0.1541987604615744, -0.9642480789390313, -0.2155188728035241, 4.586137443718921;
 -0.9703459334556022, 0.1888865813867108, -0.1508331157213725, 1.143406980816301;
 0, 0, 0, 1]

[0.1863703144751111, 0.186106890106999, -0.9646918323159729, 15.06356643184347;
 -0.1530446802789583, -0.9644094665028146, -0.2156193561767311, 4.590758643526843;
 -0.9704861831683947, 0.1878260002620989, -0.1512546260607671, 1.145285765989181;
 0, 0, 0, 1]

[0.1867121646011615, 0.1872617555836555, -0.9644021995441929, 15.06198534492693;
 -0.1539274854187062, -0.9639642158932508, -0.2169776940378531, 4.583144390130686;
 -0.9702808339973659, 0.1889603804320829, -0.1511591141954048, 1.142226973862218;
 0, 0, 0, 1]

[0.1864706335061425, 0.1832899663767892, -0.9652116301958935, 15.04733157715408;
 -0.1534034048696477, -0.9649611820434236, -0.2128786333189819, 4.599388614665522;
 -0.9704102731392623, 0.1877623641067455, -0.1518196180038298, 1.171766032406506;
 0, 0, 0, 1]

[0.1871933920823114, 0.186994709260428, -0.9643607274611127, 15.06700336139745;
 -0.1533399898456694, -0.9641174751341144, -0.2167125784423931, 4.597735363931796;
 -0.9702811352772188, 0.1884422268219849, -0.1518026537170002, 1.142355691011826;
 0, 0, 0, 1]

[0.1862832842484946, 0.1868911186402307, -0.96455702153009, 15.04552851987616;
 -0.1538357185370133, -0.9640841234119699, -0.2165095256268749, 4.582549011080768;
 -0.9703778180233698, 0.1887154279818606, -0.1508422272768062, 1.153490324018349;
 0, 0, 0, 1]

[0.1878670410930844, 0.1866095506148984, -0.9643043349950446, 15.03881593367338;
 -0.1538385525952385, -0.9640775687733304, -0.2165366969442052, 4.589268181312145;
 -0.9700719945479983, 0.1890272916999294, -0.152410657062616, 1.154129691922764;
 0, 0, 0, 1]

[0.1871939414030067, 0.1874178628131194, -0.9642784727455918, 15.03148434911293;
 -0.1528865910911665, -0.9641102416358478, -0.2170648111449431, 4.663914271830681;
 -0.9703525743597172, 0.1880584660987909, -0.1518219179237296, 1.169222750500978;
 0, 0, 0, 1]

[0.1911846505990806, 0.1882807131155012, -0.9633269447306172, 15.05754048310233;
 -0.140806110166984, -0.9660188261636434, -0.2167516247622139, 4.758444404810011;
 -0.971402114839653, 0.1770819035535103, -0.158176896918971, 1.226925482996816;
 0, 0, 0, 1]

[0.1956490303293309, 0.2091261587050872, -0.9581167500239455, 15.21427405420164;
 -0.08631430480540861, -0.9695344847622439, -0.2292438082975621, 5.03293486840469;
 -0.9768681066127362, 0.1275505100031553, -0.1716379028093251, 1.366101743375854;
 0, 0, 0, 1]

[0.1987447389187557, 0.234364833279464, -0.951616337435421, 15.1826222480795;
 -0.008430981023614073, -0.9705414782162118, -0.2407865395342311, 5.169444087318268;
 -0.98001502402315, 0.05587811721756057, -0.1909140872359226, 1.743554108526182;
 0, 0, 0, 1]

[0.1870018854907806, 0.3271773262749057, -0.9262749548565461, 15.35122620051704;
 0.07128439729859651, -0.9449419304853318, -0.3193795276977379, 4.803320209839465;
 -0.9797697839414463, -0.006304378023101548, -0.2000285611933285, 1.884297256709102;
 0, 0, 0, 1]

[0.1860113679175992, 0.3932997191284267, -0.900397191210037, 15.30404193093726;
 0.1641677271761983, -0.9159491112703076, -0.3661778023268679, 4.399746423376925;
 -0.9687356338853363, -0.0797029265249036, -0.2349440681186505, 2.041644286582152;
 0, 0, 0, 1]

[0.1904782534452344, 0.4356968589789186, -0.879708066372224, 15.12878645784812;
 0.2293986487795402, -0.8910598023203896, -0.3916486801035712, 4.407308399535932;
 -0.9545125954656514, -0.1272032851959907, -0.2696757855884976, 2.21021337702357;
 0, 0, 0, 1]

[0.1869665973358844, 0.4502260216662632, -0.8731208512544018, 15.07183972951704;
 0.2671864114805024, -0.8785937338650486, -0.3958338948766817, 4.213578833142921;
 -0.9453332285500249, -0.1592783106001619, -0.284561955945529, 2.331712957671993;
 0, 0, 0, 1]

[0.1666463984899265, 0.3853352257653624, -0.9076043971107088, 14.8689131788914;
 0.3207171362677637, -0.8916057789130614, -0.3196555232012077, 4.575902478925165;
 -0.9323998586306954, -0.2378148414064822, -0.2721665020392272, 2.643878442429308;
 0, 0, 0, 1]

[0.1621391089059326, 0.4006712750055028, -0.9017612980987012, 14.81356508683399;
 0.3318945295171083, -0.8827547874842547, -0.332550757705114, 4.407187655431369;
 -0.9292776391583987, -0.2453701582489055, -0.2761096789341144, 2.609952708205223;
 0, 0, 0, 1]

[0.1590547593148688, 0.3989669141307767, -0.9030653270767596, 14.82638325676912;
 0.3321820613800668, -0.883005012069237, -0.3315979896771033, 4.383546843660239;
 -0.9297078367081665, -0.2472398634718362, -0.2729758016269007, 2.58018761400684;
 0, 0, 0, 1]

[0.159229531779766, 0.3964568320420222, -0.9041393346915065, 14.83265836806347;
 0.329928939087477, -0.884537723213585, -0.3297573522527421, 4.422686180276171;
 -0.9304799037925582, -0.2457946226818865, -0.2716471094984463, 2.589338079961649;
 0, 0, 0, 1]

[0.1600816402221273, 0.3940019030255324, -0.9050615276742527, 14.82624967793382;
 0.328281755940255, -0.8859453240888014, -0.3276155848581861, 4.445120732972581;
 -0.9309161923506198, -0.2446699473524434, -0.2711672171962832, 2.598690672995975;
 0, 0, 0, 1]

[0.1625166997198111, 0.40202448064686, -0.901090805231528, 14.83534292272856;
 0.3313855031928683, -0.8824254253644138, -0.3339296586768579, 4.440235714470379;
 -0.9293933347005402, -0.2443392838473908, -0.2766339526940861, 2.624332382608392;
 0, 0, 0, 1]

[0.1616862863775718, 0.4012802278119023, -0.901571807214854, 14.81445971393151;
 0.331251090774472, -0.8826554434731653, -0.3334547689986042, 4.424380894187646;
 -0.9295860689888551, -0.244731581277157, -0.275637793975046, 2.621130067908321;
 0, 0, 0, 1]

[0.1607858584596196, 0.3980002967009807, -0.9031852919226125, 14.84071243194595;
 0.3297961099524455, -0.8841584801239731, -0.3309052853689411, 4.444060301182732;
 -0.9302593367333852, -0.2446621054654709, -0.2734191298529879, 2.60800674233794;
 0, 0, 0, 1]

[0.1610037329356973, 0.3947844183864548, -0.9045568312605016, 14.83211143826022;
 0.3272107426064506, -0.8860297502866864, -0.3284576251662418, 4.48125997374698;
 -0.9311342158377095, -0.2430978087235276, -0.2718317999979275, 2.61560886452888;
 0, 0, 0, 1]

[0.16445119479508, 0.3932333820452789, -0.9046122438789462, 14.85389523331849;
 0.3247860883436004, -0.8875443772064763, -0.3267705239271608, 4.54193534784519;
 -0.9313805888834775, -0.2400676690735342, -0.2736744652258711, 2.638298916900784;
 0, 0, 0, 1]

[0.1631099161874614, 0.3919525251057275, -0.9054106103335458, 14.86165619157695;
 0.3246564485493191, -0.887914862132184, -0.325891681422107, 4.526830237043789;
 -0.931661604691673, -0.2407912283868097, -0.2720776335447448, 2.630957593089159;
 0, 0, 0, 1]

[0.162826336091404, 0.3836524429539891, -0.9090095639158512, 14.89562212903109;
 0.3204333383666735, -0.8919264980657983, -0.3190448208500971, 4.568656489042683;
 -0.9331720419827411, -0.2393280699448306, -0.2681641568111666, 2.61469239779669;
 0, 0, 0, 1]

[0.1539710382346614, 0.4268431394532488, -0.8911216828731272, 15.19859445073628;
 0.2665888005850647, -0.8863759057805645, -0.3785078137295194, 4.033603582272081;
 -0.9514322523372625, -0.1792838195526254, -0.2502678190640275, 2.056748914260978;
 0, 0, 0, 1]

[0.1489499103259453, 0.3941114473739465, -0.9069123944806938, 15.42772148296314;
 0.2090743216974344, -0.9089607938017119, -0.3606635597591189, 4.159905101269153;
 -0.966489447547489, -0.1358912888310902, -0.217788212259467, 1.817373563019854;
 0, 0, 0, 1]

[0.1540462518923366, 0.3755094881327353, -0.9139268989367882, 15.49725120131884;
 0.1538773112672765, -0.9227993399064915, -0.3532182771959816, 4.35130757113117;
 -0.9760079535306446, -0.08622066220132366, -0.1999361699505335, 1.783842071380033;
 0, 0, 0, 1]

[0.1641080629192057, 0.2932945192291465, -0.9418316562289941, 15.32899787932259;
 0.04738280946092101, -0.9560178119744167, -0.2894560632552701, 4.965854454443504;
 -0.9853037161466998, 0.002875443929679367, -0.170787349559946, 1.711035254687127;
 0, 0, 0, 1]

[0.1798674860264335, 0.2555917813166738, -0.9499055367739997, 15.26771375615766;
 -0.02573023764562342, -0.9641017088721756, -0.2642836540924362, 5.363639326654225;
 -0.9833542811933198, 0.07197733166157455, -0.1668341133750806, 1.486986335214615;
 0, 0, 0, 1]

[0.1895754059181, 0.2438069533965547, -0.9511147853684532, 15.18572683688574;
 -0.05966783292310497, -0.9640297281943752, -0.2590104879570315, 5.418017869379405;
 -0.9800514859869602, 0.105852976495559, -0.1682088944788067, 1.409228833665247;
 0, 0, 0, 1]

[0.2031169417426687, 0.2220856987991867, -0.9536359107992853, 15.00552924057141;
 -0.1004935003861525, -0.9640668039131544, -0.2459192021230019, 5.423720560344542;
 -0.9739838624727024, 0.1457845670211782, -0.1735001315884337, 1.414641138638673;
 0, 0, 0, 1]

[0.2132774558174452, 0.2121209622875927, -0.9536862294267562, 14.80282796834959;
 -0.1373825630485122, -0.9599352010505369, -0.2442343979751558, 5.368414887057584;
 -0.9672842179061226, 0.1831095495659659, -0.1755908159542798, 1.414593980389882;
 0, 0, 0, 1]

[0.2248026357856694, 0.2120307520786561, -0.9510555899193146, 14.64485436388213;
 -0.1530936205918541, -0.9562302276583259, -0.2493713998167868, 5.468920931551949;
 -0.9623025087143301, 0.2016598916132451, -0.1825025200829868, 1.480227246522571;
 0, 0, 0, 1]

[0.2348294539876598, 0.2871981523642192, -0.928640053421365, 14.76148891869135;
 -0.2117233800878364, -0.9173046540850167, -0.3372319408332333, 4.707837406368487;
 -0.9486982332986809, 0.2758068035283875, -0.1546035874855902, 1.700677241255175;
 0, 0, 0, 1]

[0.2324731170175743, 0.2808079000281574, -0.9311837483257049, 14.77805912047623;
 -0.2202735527074079, -0.9173358774662941, -0.3316239585596931, 4.754018653534839;
 -0.9473308882548853, 0.2822088077911825, -0.1514013770191319, 1.600294174584763;
 0, 0, 0, 1]

[0.250785313030313, 0.2653387629476708, -0.9309683494328299, 14.45461697621035;
 -0.2216483571406782, -0.9204146269614598, -0.3220386937189927, 4.96403457254979;
 -0.9423262346688254, 0.2871101798139463, -0.1720145694471176, 1.677688909752725;
 0, 0, 0, 1]

[0.2513102585116277, 0.252050183420615, -0.9345126318057202, 14.34219325755425;
 -0.2318842356236294, -0.921703490488785, -0.310953978733245, 4.999643866901906;
 -0.9397195620162775, 0.2948446720875665, -0.1731870783445209, 1.613734807964883;
 0, 0, 0, 1]

[0.2648778667005338, 0.193729241929342, -0.9446209274379098, 14.40945567180635;
 -0.2868785544846021, -0.9194224035620602, -0.269003975444582, 5.473160044591403;
 -0.9206195797988437, 0.3422446853490154, -0.1879578799661084, 0.9934291549733383;
 0, 0, 0, 1]

[0.2758593142423523, 0.1947362437205354, -0.9412648055288984, 14.31170992241148;
 -0.2818554859767432, -0.9198262289566562, -0.2729050998940673, 5.643951838774694;
 -0.9189445705648152, 0.3405840629051705, -0.1988551541309755, 1.063615129267089;
 0, 0, 0, 1]

[0.2784374430015131, 0.1982320396781543, -0.9397747862013632, 14.32536235484251;
 -0.2802213191903011, -0.9191308035022414, -0.2769017485039981, 5.673343169434221;
 -0.9186667527488011, 0.3404447451472304, -0.2003715870466937, 1.053197807679736;
 0, 0, 0, 1]

[0.2791974865283406, 0.1984486744104793, -0.9395035322663666, 14.37740070867185;
 -0.2794592808432272, -0.9192661321430146, -0.2772224533572415, 5.670040832479476;
 -0.9186682066267683, 0.3399527936633927, -0.2011984697099153, 1.047677809536047;
 0, 0, 0, 1]

[0.2569736837283793, 0.248972316184403, -0.9337972540358211, 14.23443126278551;
 -0.2344594528520403, -0.9213173410950314, -0.3101662811556138, 5.173648168966163;
 -0.9375464206317404, 0.2986421650928667, -0.1783803979961259, 1.607435182239044;
 0, 0, 0, 1]

[0.2564963191509292, 0.2532622165851375, -0.9327742963399064, 14.2340312878566;
 -0.2321286753422676, -0.9206740833529801, -0.3138080788093164, 5.163241276996945;
 -0.9382568498795352, 0.2970142789371126, -0.1773600906675408, 1.621116870656627;
 0, 0, 0, 1]

[0.2532308995364959, 0.2552273065359907, -0.9331308233673992, 14.29710392108275;
 -0.2319372716921325, -0.9204201310514213, -0.3146933179387422, 5.105737673412642;
 -0.9391907226543215, 0.29611788928342, -0.1738820925983617, 1.601447668485114;
 0, 0, 0, 1]

[0.2513576695586511, 0.2568853454716749, -0.9331823193974169, 14.31430139399253;
 -0.2311466252675111, -0.9203079313788687, -0.3156018838166029, 5.071801780945738;
 -0.9398885889197108, 0.295030897912483, -0.1719482762212786, 1.608936090253287;
 0, 0, 0, 1]

[0.2514319162197657, 0.2591835890472748, -0.9325265994461659, 14.32279712860958;
 -0.2311152676099174, -0.9195295112380493, -0.3178855313472295, 5.054307247478676;
 -0.939876441125988, 0.2954477028695393, -0.1712977824884476, 1.583433860889672;
 0, 0, 0, 1]

[0.2533365613517669, 0.261905153593759, -0.9312498468206544, 14.32941108573781;
 -0.2276710551431781, -0.9194714011515072, -0.320528053553002, 5.098121750129571;
 -0.940205550575221, 0.2932201101314738, -0.1733075003628863, 1.626814524478103;
 0, 0, 0, 1]

[0.2559411448757645, 0.2693846618980009, -0.9283997168751089, 14.37739051612212;
 -0.2205230461800587, -0.9187950601058047, -0.3273915448337639, 5.11053737435032;
 -0.9412033342817855, 0.2885265004454018, -0.1757519333537442, 1.678387657886634;
 0, 0, 0, 1]

[0.255882611308225, 0.2861711742502355, -0.923379742174543, 14.47895526081269;
 -0.2115783383603927, -0.9154429864753496, -0.3423430227852585, 5.106248762121038;
 -0.9432702136539345, 0.2829667781583807, -0.173698320348605, 1.687873889504736;
 0, 0, 0, 1]

[0.2586054707338402, 0.2967798473145774, -0.9192632554031871, 14.66721672628468;
 -0.1950515046206769, -0.9159903098019984, -0.3505947274190659, 5.126739752510954;
 -0.9460856837790851, 0.2699693956299031, -0.1789927494941789, 1.860423001027945;
 0, 0, 0, 1]

[0.245611852139262, 0.2172117429251877, -0.9447189406506695, 14.54717237370311;
 -0.146528897171483, -0.9550542562367993, -0.2576832356551026, 5.740446739212065;
 -0.9582296699551889, 0.2017186812850421, -0.2027448476242822, 1.618159189556263;
 0, 0, 0, 1]

[0.2525088994356495, 0.2271491102942607, -0.9405543776934552, 14.5836242169587;
 -0.1059315377074574, -0.9597215476083473, -0.260217332964529, 5.917778394012048;
 -0.9617784386358069, 0.1653415638875016, -0.2182759772089103, 1.74133096455598;
 0, 0, 0, 1]

[0.2544773512109545, 0.24796563824569, -0.9347482655614099, 14.72054824209835;
 -0.05629641905490242, -0.9611314507462417, -0.2702906724029142, 6.006868595868926;
 -0.9654387556558164, 0.1214058344390098, -0.2306266082695501, 1.862366099619602;
 0, 0, 0, 1]

[0.2554284978661469, 0.264192307916958, -0.930031562322137, 14.7252158045091;
 -0.01053133208780413, -0.9611237721106799, -0.2759169906479015, 6.020731173144042;
 -0.966770589913812, 0.08027153369189488, -0.2427161044439589, 2.062727145640703;
 0, 0, 0, 1]

[0.2319865413006116, 0.3376761984544594, -0.912226413590795, 14.91121414096134;
 0.0609506494222587, -0.941014194740603, -0.3328322454806618, 5.60623985346358;
 -0.9708075313832215, 0.02161180913387795, -0.2388842119428914, 2.214714310291902;
 0, 0, 0, 1]

[0.2276852113375857, 0.3895642460588861, -0.8924119803827884, 14.95791880009748;
 0.1217297215185798, -0.9206813895084737, -0.3708472110071144, 5.193108326806108;
 -0.9660959162718614, -0.02419663623973198, -0.2570470839311629, 2.36025922359944;
 0, 0, 0, 1]

[0.2297005027454589, 0.4028121725376475, -0.8859909890591352, 14.89566055824513;
 0.1517949498091501, -0.9140192062670091, -0.3762009885519501, 4.991539783908378;
 -0.9613511180889746, -0.04807540151186918, -0.2710955247114037, 2.412138604317627;
 0, 0, 0, 1]

[0.2222654060441165, 0.4343537947141112, -0.87288880751989, 14.97305643730163;
 0.1959675395230763, -0.8969147810239534, -0.3964096353950359, 4.727776549855668;
 -0.9550889030500329, -0.0829497233160271, -0.2844723724238947, 2.410372537792135;
 0, 0, 0, 1]

[0.2189822380381289, 0.4570325403513292, -0.8620719439140928, 14.96386833795455;
 0.2354956994900425, -0.8821527343360083, -0.4078582214755511, 4.592785955192244;
 -0.9468836015823211, -0.1137005293018231, -0.3008049778361013, 2.468346667066149;
 0, 0, 0, 1]

[0.2147295314883223, 0.4672163294473488, -0.8576713413683305, 14.92180699062203;
 0.2557163816336809, -0.8744166129640895, -0.4123162853157601, 4.476062027427767;
 -0.9426029707522582, -0.1307841292747563, -0.307237938833831, 2.51983681150538;
 0, 0, 0, 1]

[0.2087739778469223, 0.4729830190388671, -0.8559792578531633, 14.87746111984772;
 0.2743804562818587, -0.8684410454230269, -0.4129473523769334, 4.410745448549318;
 -0.9386846069817767, -0.1486513179404707, -0.31108518815596, 2.556837395412423;
 0, 0, 0, 1]

[0.2148510260901882, 0.4264488580070157, -0.8786241563333583, 14.6666831334197;
 0.3220016141195703, -0.8802612778692804, -0.3485040074207654, 4.90928048985401;
 -0.9220379585962744, -0.2080419529528931, -0.3264422593953815, 3.134108415954977;
 0, 0, 0, 1]

[0.2104138008738458, 0.4377643231975156, -0.8741215188617903, 14.64009452328478;
 0.330687391985456, -0.8733031995124171, -0.3577532257062581, 4.791723402019529;
 -0.9199847179076832, -0.2137847493550386, -0.3285181878671624, 3.1045128746905;
 0, 0, 0, 1]

[0.2025139268910173, 0.4403677928444878, -0.8746795507158348, 14.65110770892221;
 0.3357916031991354, -0.8702625866231278, -0.3603984316627603, 4.682249655657116;
 -0.9199087501682625, -0.2207243469789801, -0.3241121009998984, 3.02866939400749;
 0, 0, 0, 1]

[0.1959917156360677, 0.4422327076487703, -0.8752242453723889, 14.71625411117159;
 0.3376514101548318, -0.8683896283595014, -0.3631679757055963, 4.571784491595067;
 -0.9206404143977625, -0.224342786029068, -0.3195176704569429, 3.015456137482216;
 0, 0, 0, 1]

[0.1934554087277449, 0.4365657802339367, -0.8786269540383539, 14.67110791845997;
 0.3371523727142224, -0.8705875486566087, -0.3583372680830826, 4.601343045665295;
 -0.9213594751274615, -0.2269088796253049, -0.3156090587103569, 2.948536417796212;
 0, 0, 0, 1]

[0.1949907583911685, 0.4362385806007583, -0.8784500583058051, 14.70334167502053;
 0.3363609759934225, -0.8710690309952901, -0.3579106551496876, 4.604719231315436;
 -0.9213250772505809, -0.225687048889302, -0.3165840457016884, 2.965320427581965;
 0, 0, 0, 1]

[0.1925796934568066, 0.4276099579077665, -0.8832116312448568, 14.69530057910033;
 0.3331596205870465, -0.8750886620412467, -0.3510334752942458, 4.64941923096754;
 -0.9229938942801181, -0.2266485328983596, -0.3109866776192244, 2.913711518426042;
 0, 0, 0, 1]

[0.1922041863134616, 0.4300082152649554, -0.8821283838354981, 14.70010175896674;
 0.3345055941209823, -0.8737643161445754, -0.3530466362028835, 4.600435125218247;
 -0.9225852579926415, -0.2272198376837953, -0.3117813129384136, 2.924232525225988;
 0, 0, 0, 1]

[0.1894427263451907, 0.4283430742148597, -0.883534755517328, 14.72026580541717;
 0.3332618667476858, -0.874464250225281, -0.3524894370754747, 4.622524376146467;
 -0.9236059666366113, -0.2276718819927055, -0.3084113041753664, 2.909735529449183;
 0, 0, 0, 1]

[0.1879309422647878, 0.4198357551086777, -0.8879301209395903, 14.74245959615887;
 0.3303335951329192, -0.8783913934246101, -0.3454103007788453, 4.663082658865641;
 -0.9249657706456115, -0.2283998657834505, -0.30376277659396, 2.86202509047022;
 0, 0, 0, 1]

[0.1877640127992374, 0.4201218722276612, -0.8878301008489474, 14.77221355226321;
 0.3290691371695154, -0.8785752648673828, -0.3461488219331661, 4.65076483435447;
 -0.9254502571505602, -0.227163193407587, -0.3032139592776508, 2.88911924205811;
 0, 0, 0, 1]

[0.1886184066870101, 0.4211184145058608, -0.887176632707897, 14.75552248963257;
 0.3292965224041419, -0.8782122363783121, -0.3468530931214856, 4.67173324038611;
 -0.9251955993147564, -0.2267213021298913, -0.3043198221758397, 2.895149767893142;
 0, 0, 0, 1]

[0.1847127246927829, 0.4059002817630383, -0.8950565181044459, 14.84001041163322;
 0.3208037157329613, -0.8857442274297533, -0.3354730086710329, 4.691903343323682;
 -0.9289597328778538, -0.2251713233064007, -0.2938225482360924, 2.876903809729299;
 0, 0, 0, 1]

[0.1849416920593657, 0.3906317712938351, -0.9017779049156504, 14.86418516021051;
 0.3124710472918703, -0.8933619663791229, -0.3229028362085856, 4.797079536660556;
 -0.9317501892366541, -0.2220612894744778, -0.2872809923653001, 2.854269763862805;
 0, 0, 0, 1]

[0.1796559528529377, 0.4402415951777585, -0.8797221586841188, 15.17529205469095;
 0.2495893573470943, -0.8854092921268431, -0.392116740416049, 4.252433733418004;
 -0.9515402730854685, -0.1491231816009346, -0.268948666859769, 2.22523931820378;
 0, 0, 0, 1]

[0.1778018911327972, 0.4027595492216688, -0.8978703876508901, 15.3290334022905;
 0.1884299253652726, -0.9094597706220583, -0.3706441539359698, 4.389898075029445;
 -0.9658574691622152, -0.1032844186256147, -0.2375956189257912, 2.019502363250076;
 0, 0, 0, 1]

[0.1820621982323571, 0.3841262859528608, -0.905152115621934, 15.28643041204663;
 0.1462957490324708, -0.9208733601579225, -0.3613721189667037, 4.652096522349703;
 -0.972343000072418, -0.06662770438427346, -0.2238522709705033, 2.024780485835707;
 0, 0, 0, 1]

[0.1915230243281341, 0.3585871075669717, -0.9136379028033798, 15.23404730908255;
 0.0916189974150533, -0.9333373106006921, -0.3471129844205307, 5.083279091749324;
 -0.9772025841476605, -0.01722646009545303, -0.2116089757257814, 2.011631171576382;
 0, 0, 0, 1]

[0.2002476566721376, 0.2646516736120036, -0.9433241053061684, 15.04425842382441;
 0.008448361118871373, -0.9632564775407982, -0.2684503374371109, 5.546280016348429;
 -0.9797088859409834, 0.04578700831086331, -0.1951257253111903, 1.827131236877344;
 0, 0, 0, 1]

[0.1999999918210448, 0.251153263489704, -0.9470596821267673, 15.12918966266662;
 -0.03552179625668786, -0.9640946728859352, -0.2631723080106645, 5.550156413003398;
 -0.9791517784604594, 0.08627572052108894, -0.1838975116370161, 1.616662815315854;
 0, 0, 0, 1]

[0.2033216008870121, 0.2356367632668833, -0.9503344897507662, 15.06835329439879;
 -0.08198226568081268, -0.9631029889769488, -0.256342623723617, 5.439385119149017;
 -0.97567373374842, 0.1300305672554497, -0.1765016058075475, 1.417976667584737;
 0, 0, 0, 1]

[0.2035782568591493, 0.2150267723477275, -0.95515411348531, 14.94796632483697;
 -0.1210236604802384, -0.962575146648122, -0.2424919806082464, 5.2742463520846;
 -0.9715498787700784, 0.1649623418512987, -0.169936043359792, 1.363227110704069;
 0, 0, 0, 1]

[0.204745967654663, 0.2098290738664438, -0.9560600653146778, 14.82841201848713;
 -0.1484346475287786, -0.9587999381596063, -0.242218566584278, 5.182687505304891;
 -0.967494829000219, 0.1915057136105487, -0.1651645165050641, 1.315397298230364;
 0, 0, 0, 1]

[0.2138119752527318, 0.2111891139854975, -0.9537733469606635, 14.66058209368344;
 -0.17119075567775, -0.9531423646594636, -0.2494260569023357, 5.201948809874071;
 -0.9617578512333582, 0.2166074579172814, -0.1676396276708074, 1.333156540723401;
 0, 0, 0, 1]

[0.2286059778098667, 0.2811490419487781, -0.9320378335244114, 14.87242727346303;
 -0.2161617652889863, -0.9188319646758427, -0.33018466335837, 4.603679435677452;
 -0.9492172554988364, 0.276953131235621, -0.1492768065107273, 1.66238070944793;
 0, 0, 0, 1]

[0.2231746742870528, 0.2812118452128421, -0.9333343253458839, 14.85267377371536;
 -0.2235345869940643, -0.9172037524262395, -0.3298023119273402, 4.567891019948624;
 -0.948802062168006, 0.282236026487077, -0.1418360750250975, 1.548576673359932;
 0, 0, 0, 1]

[0.2252807794667044, 0.2627864143193643, -0.9381854138985773, 14.75132272706594;
 -0.2323572204747626, -0.9206625394867624, -0.3136727761203196, 4.548160067286675;
 -0.9461811097755631, 0.2886586025653089, -0.1463472537115967, 1.520627492143296;
 0, 0, 0, 1]

[0.2206443035229435, 0.2614067806840881, -0.9396715310869305, 14.62688582285712;
 -0.2408650721531234, -0.9189729651609541, -0.312206191994897, 4.479520084245468;
 -0.9451455487593144, 0.2952205689237539, -0.1398023867635645, 1.411296740231452;
 0, 0, 0, 1]

[0.2243895962666506, 0.2577059264026922, -0.939806876216715, 14.57713255548283;
 -0.2418366887185162, -0.9195049225757218, -0.3098801596564058, 4.537555707653227;
 -0.9440150025698496, 0.2968136668954888, -0.1440045904375991, 1.416851485157188;
 0, 0, 0, 1]

[0.2261098160233364, 0.2564158088547598, -0.9397474576008452, 14.51435395042182;
 -0.2424564473707353, -0.9195561488127169, -0.3092432057605899, 4.594277433936514;
 -0.9434453997059157, 0.2977707543565754, -0.1457510055665524, 1.427235033513921;
 0, 0, 0, 1]

[0.2289932907999734, 0.253824036484686, -0.9397528564847353, 14.55911958369321;
 -0.2401806817533645, -0.9208248510984818, -0.3072374223820202, 4.642062788835814;
 -0.943332026850084, 0.2960657901583357, -0.1498990827751543, 1.471027938259438;
 0, 0, 0, 1]

[0.231745543302498, 0.2553351947726499, -0.9386681743139282, 14.60206445755052;
 -0.2359984410967117, -0.9213531028409232, -0.3088902647953237, 4.66215938293459;
 -0.9437153908670517, 0.2931081680810282, -0.1532607674678412, 1.5204548689163;
 0, 0, 0, 1]

[0.2310095982631478, 0.2631233512290462, -0.9366966785188759, 14.65449418950874;
 -0.2310096327575911, -0.9203737912076785, -0.3155101171614112, 4.666268659712025;
 -0.9451291525942374, 0.2892718211233174, -0.1518311510214478, 1.551999132117931;
 0, 0, 0, 1]

[0.2309010232844207, 0.2684204607301886, -0.9352193185064135, 14.73770561259332;
 -0.2268898738666631, -0.9198398799327187, -0.3200243434836348, 4.661428050563985;
 -0.9461531073684517, 0.286085741599883, -0.1514900850559794, 1.568771167608649;
 0, 0, 0, 1]

[0.2312001456221185, 0.266219640056062, -0.9357743295863229, 14.71787179062836;
